date      bndPeresi     pg        sp
19620131 -0.05601368 -0.09872149 -0.03861194
19620228 -0.08284356 -0.04006707 0.01613906
19620330 -0.06191003 0.07567874 -0.005877237
19620430 -0.03312392 -0.05544506 -0.06397335
19620531 -0.03030392 -0.1077712 -0.08991377
19620629 -0.175707 -0.14842 -0.08538143
19620731 0.06621523 0.1115414 0.06162365
19620831 0.007420159 -0.009033681 0.01516838
19620928 0.003850263 -0.1173296 -0.0494077
19621031 -0.002395185 0.03607635 0.004433159
19621130 -0.07090555 0.1175626 0.09672463
19621231 -0.001923759 0.003514816 0.01340179
19630131 0.0006631316 0.03312912 0.04795934
19630228 0.0514242 -0.03119866 -0.0292764
19630329 -0.1059771 0.04138568 0.03484964
19630430 0.06520851 0.05456489 0.04737965
19630531 -0.07425519 -0.01620764 0.01422534
19630628 -0.00317386 -0.009852376 -0.02040477
19630731 0.1250007 -0.02811454 -0.003466
19630830 -0.08057068 0.07239973 0.04759803
19630930 0.04686411 0.00316997 -0.01109533
19631031 -0.06747358 0.008194335 0.03170989
19631129 -0.01671422 0 -0.01059493
19631231 0.071966 0.007855068 0.02415003
19640131 -0.01887311 0.03309236 0.02656987
19640228 -0.03518633 -0.006106607 0.009816659
19640331 0.05314893 0.03609371 0.01505313
19640430 0.07644275 -0.03532878 0.00605861
19640528 -0.07425233 -0.01238437 0.01138692
19640630 0.03098142 0.03067759 0.01629058
19640731 -0.06027956 0.0231441 0.01807565
19640831 -0.0599196 0.0014829 -0.01636315
19640930 0.02176336 0.004434155 0.02831337
19641030 -0.06579336 -0.009633251 0.008045548
19641130 -0.1102589 -0.05539855 -0.005198489
19641231 0.05457738 0.03115558 0.00390138
19650129 0.01609221 -0.0411731 0.0326182
19650226 -0.05947046 -0.03102328 -0.001486104
19650331 0.1097222 -0.02179479 -0.01463254
19650430 -0.02961872 0.0295588 0.03366589
19650528 -0.07891406 -0.021758 -0.007773133
19650630 0.07643584 -0.02224254 -0.04985433
19650730 0.02280707 0.02511496 0.01334358
19650831 -0.02160525 -0.03103669 0.02227212
19650930 -0.04741113 0.005240246 0.03150448
19651029 0.01727154 -0.01456556 0.0269778
19651130 -0.01669999 0.01763754 -0.00880263
19651231 -0.05356932 -0.03017059 0.008911177
19660131 0.1678012 0.008968661 0.004857185
19660228 -0.1087063 -0.07466105 -0.01803465
19660331 0.1768883 0.0229897 -0.02205647
19660429 -0.1165423 -0.05849601 0.02030152
19660531 0.06712799 0.03578887 -0.05566071
19660630 0.03314323 0.003898391 -0.01626964
19660729 -0.04207376 0.04749218 -0.01354431
19660831 -0.0684467 0.03489792 -0.08094003
19660930 0.1237189 0.03720522 -0.007028643
19661031 0.07252425 0.04920436 0.04644838
19661130 -0.009239947 -0.02020271 0.003112152
19661230 0.1122882 -0.006826246 -0.001493114
19670131 0.02061767 0.0764535 0.07527258
19670228 -0.1790821 -0.009631232 0.001961076
19670331 0.1964901 0.08202597 0.03865324
19670428 -0.1149352 0.01533482 0.04137128
19670531 0.006496713 0.01025622 -0.05386607
19670630 -0.2749955 0.008707975 0.01736043
19670731 0.05093303 0.1189388 0.04434602
19670831 -0.09601778 -0.02614482 -0.01178416
19670929 -0.03530578 -0.006645029 0.03225904
19671031 0.02306465 -0.0514333 -0.02948648
19671130 -0.1064654 -0.01136332 0.001064433
19671229 0.1092813 0.05286376 0.02593769
19680131 0.1415011 -0.09845883 -0.04483838
19680229 -0.08256906 0.02381027 -0.03172083
19680329 0.04428422 0.02612671 0.009356095
19680430 -0.02506935 0.0808802 0.07874556
19680531 0.03940172 -0.01204019 0.01110709
19680628 0.1682528 0 0.009078664
19680731 0.1717595 -0.008380014 -0.01865085
19680830 -0.06978229 0.01222003 0.01139384
19680930 -0.00822898 -0.05834971 0.03781492
19681031 -0.09348572 0.0167401 0.007182147
19681129 -0.06304457 0.1073412 0.04684923
19681231 -0.1239948 -0.127371 -0.04250779
19690131 0.2941877 -0.004054207 -0.008217673
19690228 -0.0249401 -0.02967601 -0.0485329
19690328 0.05556275 0.03985801 0.03386408
19690430 0.01332483 0.02458627 0.02124864
19690529 -0.05348695 0.07003526 -0.002220463
19690630 -0.0355358 -0.05731454 -0.05718112
19690731 0.21493 0.01560757 -0.06206478
19690829 0.08895751 0.05684903 0.03929186
19690930 -0.04562275 0.02597569 -0.02534242
19691031 0.2443041 0.1276489 0.04329318
19691128 -0.2322167 -0.03935744 -0.03591116
19691231 0.1055986 0.03366492 -0.0188312
19700130 0.2045584 0.01944472 -0.07955416
19700227 0.4933863 -0.01589161 0.05135164
19700331 -0.1795118 -0.002290621 0.001451945
19700430 -0.1643396 -0.0829328 -0.09484159
19700529 0.01932316 -0.01644549 -0.06290466
19700630 0.006854192 -0.04167236 -0.05132803
19700731 0.2242922 0.1078045 0.07073336
19700831 -0.1110568 0.002401115 0.04349905
19700930 0.09270602 0.01428547 0.03246525
19701030 -0.2278544 0.0389476 -0.01146548
19701130 0.195144 0.08338205 0.04635577
19701231 -0.2522294 -0.02343036 0.0552133
19710129 -0.2331261 0.01454865 0.03967926
19710226 0.09245107 0 0.009033079
19710331 -0.2735725 0.0641375 0.03613519
19710430 -0.4213538 -0.02475284 0.0356451
19710528 -0.1831715 -0.01666713 -0.04244623
19710630 -0.05004645 0.08455712 0.000702753
19710730 -0.1335447 0.03415889 -0.04220211
19710831 0.4663752 0.07758585 0.03545884
19710930 0.002376349 -0.01398635 -0.00699239
19711029 0.05081982 0.005268099 -0.04269249
19711130 -0.09871029 0.008764479 -0.002550249
19711231 0.2381806 0.09165441 0.08266603
19720131 -0.008402869 0.02360422 0.01795877
19720229 0.06016545 0.07086565 0.02498818
19720330 -0.2070981 0.03152095 0.005894593
19720428 0.06100468 0.03601462 0.004374418
19720531 -0.01616443 0.07371782 0.01712748
19720630 -0.1340683 -0.05477197 -0.0220626
19720731 0.2142699 0.0382924 0.002330283
19720831 -0.337566 0.003878469 0.03387375
19720929 0.08357982 0.01154609 -0.004872853
19721031 0.03146185 0.07270012 0.009273864
19721130 0.1647419 0.02932771 0.04460714
19721229 -0.1859301 0.03073675 0.0117586
19730131 0.06523858 -0.02139321 -0.01725908
19730228 0.02728961 -0.01739136 -0.03821082
19730330 -0.1257421 -0.05653966 -0.001434028
19730430 0.3058521 -0.009799862 -0.04165568
19730531 0.02192218 -0.02156077 -0.01906458
19730629 0.02384326 0.06453883 -0.006596711
19730731 0.115283 0.08807223 0.03727844
19730831 0.2915158 -0.1384371 -0.03737482
19730928 0.5957823 0.005063161 0.03931302
19731031 -0.1171467 0.04517602 -0.001291834
19731130 -0.07353258 -0.08206508 -0.1208815
19731231 0.04787656 -0.03208837 0.01643323
19740131 0.05477296 -0.02253502 -0.0100968
19740228 -0.1735762 -0.01548223 -0.003630583
19740329 -0.2458868 0.004245973 -0.02355526
19740430 0.1361369 0.06241784 -0.03983394
19740531 0.102586 0.04433549 -0.03412675
19740628 -0.01779186 0.01769944 -0.01477359
19740731 0.06351254 -0.04537505 -0.0809834
19740830 -0.2241354 -0.1367365 -0.09461732
19740930 0.6995894 -0.1253648 -0.127078
19741031 -0.3779242 0.1777453 0.1510433
19741129 0.09493452 -0.04720692 -0.05464628
19741231 0.1084759 -0.01522126 -0.0203568
19750131 0.08102906 0.1198263 0.1158363
19750228 -0.2314151 0.03230454 0.05816136
19750331 -0.1572728 0.01446488 0.02146203
19750430 -0.01099936 0 0.046182
19750530 -0.05325427 0.01820626 0.04315623
19750630 -0.3263849 0.01153126 0.04336883
19750731 0.02167697 -0.086433 -0.07005129
19750829 -0.05102167 -0.05748717 -0.02129514
19750930 -0.03636866 -0.01791044 -0.03525937
19751031 0.3345726 0.07260062 0.05981771
19751128 -0.1373075 0.04677576 0.02440769
19751231 0.170168 -0.04396338 -0.01157473
19760130 -0.05142794 0.03857243 0.111815
19760227 -0.1873773 -0.08060937 -0.0114675
19760331 0.06945761 0.06417033 0.03022751
19760430 -0.0264969 -0.0133487 -0.01105589
19760528 -0.1812367 -0.004233951 -0.01446816
19760630 0.1987035 0.07097091 0.0401107
19760730 0.07476409 0.01750096 -0.008087617
19760831 -0.001677602 -0.009156796 -0.005137173
19760930 -0.0783449 0.01564596 0.0223885
19761029 0.07622893 -0.01118735 -0.02248592
19761130 0.08129566 -0.01457977 -0.007805383
19761231 -0.1222228 0 0.05116639
19770131 -0.1133146 -0.07597864 -0.05185134
19770228 0.04709548 -0.04451736 -0.02189802
19770331 -0.06491718 -0.04183396 -0.01412428
19770429 -0.1019243 -0.0108173 0.0002029794
19770531 -0.06833471 -0.04452467 -0.02385017
19770630 0.08828441 0.07783473 0.04436132
19770729 -0.1619952 0.003426124 -0.01635502
19770831 0.1159667 0.07835359 -0.02126654
19770930 -0.01911982 -0.01312881 -0.00248308
19771031 0.08901129 -0.01897489 -0.04437622
19771130 0.1192103 0.02971995 0.02660882
19771230 0.0774416 0.005839914 0.002842955
19780131 0.1049808 -0.07682165 -0.06348734
19780228 0.01247213 -0.02731056 -0.02507374
19780331 0.1438436 -0.03480058 0.02462529
19780428 -0.03428474 0.139835 0.08196332
19780531 0.07894094 0.01322615 0.004225062
19780630 -0.02113587 0.004370436 -0.01774145
19780731 0.1857619 0.05788487 0.05250706
19780831 -0.04815376 -0.03662353 0.02559367
19780929 -0.06833282 -0.001436031 -0.007287489
19781031 0.09829388 -0.04405952 -0.09604185
19781130 -0.01786872 0.03863785 0.01650307
19781229 0.08962616 0.03579466 0.01477925
19790131 0.4052016 -0.04164316 0.03897645
19790228 -0.02204536 -0.03922119 -0.03720978
19790330 0.1255737 -0.003081744 0.05368483
19790430 0.04821717 -0.001853717 0.001671602
19790531 0.1418264 0.007782637 -0.026689
19790629 0.07816796 -0.04762844 0.03792757
19790731 -0.04251963 -0.02502554 0.008707975
19790831 -0.04030848 0.07783473 0.0517173
19790928 -0.1296148 -0.03654055 0
19791031 -0.1435986 -0.02822665 -0.07107289
19791130 0.6142115 -0.003372681 0.04174061
19791231 -0.04087484 0.003372307 0.01662799
19800131 0.1589535 -0.01732115 0.05602583
19800229 -0.5186668 -0.01220619 -0.00438962
19800331 0.1101686 -0.05037056 -0.107357
19800430 1.504021 0.06569129 0.04031627
19800530 0.2853563 0.08540768 0.04551911
19800630 -0.3176877 -0.05442451 0.02661175
19800731 -0.390972 0.09930854 0.06301142
19800829 -0.776133 -0.02515885 0.005818042
19800930 -0.2563851 -0.0934012 0.0248565
19801031 -0.07930426 -0.04176932 0.01589402
19801128 0.04486124 0.03985993 0.09746876
19801231 0.6960736 -0.02154442 -0.03446102
19810130 -0.2758527 -0.013521 -0.0468212
19810227 0.3940536 0.06325551 0.01318963
19810331 0.5708885 -0.01233476 0.035399
19810430 -0.5555014 0.03072899 -0.02373547
19810529 0.1724922 -0.01757555 -0.001658374
19810630 0.7371133 0.07182566 -0.01046254
19810731 0.009047723 -0.02913328 -0.002212446
19810831 0.1390458 -0.04578219 -0.06411088
19810930 0.7417512 0.06115436 -0.05533514
19811030 0.2655726 0.07255691 0.04797841
19811130 0.6163855 0.02523783 0.03593648
19811231 -0.9782447 0.001556788 -0.03053653
19820129 -0.08503141 0.07112646 -0.01769972
19820226 -0.2482936 -0.02373957 -0.06245855
19820331 -0.03789479 -0.006024109 -0.01021904
19820430 0.2038532 0.04634145 0.03923417
19820528 0.04522159 -0.02064975 -0.03994946
19820630 -0.4472729 -0.01048679 -0.02049867
19820730 0.3783019 0.03753949 -0.02325942
19820831 0.3268668 0.1110708 0.1097303
19820930 -0.2326803 0.02977528 0.00758516
19821029 -0.3493963 0.08949512 0.1046879
19821130 -0.1624828 0.1134546 0.03548586
19821231 -0.135681 -0.005271872 0.01504427
19830131 -0.2936779 -0.03923783 0.0325969
19830228 0.004821532 0.01543625 0.01881685
19830331 -0.238165 0.06152492 0.03255915
19830429 0.0406979 -0.0004120849 0.0722481
19830531 -0.2484004 -0.1097591 -0.01242284
19830630 0.08080247 0.02293693 0.03461783
19830729 -0.0794897 -0.05165125 -0.03357126
19830831 0.2852021 0.03325681 0.01125542
19830930 0.2566415 0.03895145 0.01010675
19831031 0.1099842 0.008502749 -0.0152903
19831130 0.05102984 0.06538316 0.01727591
19831230 0.0196128 -0.0409095 -0.008873251
19840131 0.2501465 -0.1070709 -0.00925873
19840229 -0.08877491 -0.06917003 -0.03963416
19840330 0.03990382 0.0235925 0.01340771
19840430 0.2045398 -0.005715301 0.005451116
19840531 -0.02700788 0.03881486 -0.06119053
19840629 0.1169188 0.06152022 0.01731817
19840731 0.1441273 0.01703802 -0.01658782
19840831 0.07431131 0.06216038 0.10105
19840928 0.08770663 -0.002234495 -0.003486069
19841031 0.3547226 0.04847011 -6.00018e-05
19841130 0.1226869 -0.004319315 -0.01522735
19841231 -0.0616229 -0.01307207 0.02212737
19850131 -0.2259315 -0.00175554 0.07146914
19850228 -0.3562872 0.01104973 0.008647502
19850329 0.0321888 -0.02447304 -0.002929286
19850430 0.04667501 -0.05034532 -0.004604585
19850531 0.1330601 0.03302173 0.05264084
19850628 -0.2537507 0.04313995 0.01206097
19850731 -0.1830472 0.02891102 -0.00485979
19850830 -0.08601891 0.004357492 -0.01206752
19850930 -0.1106658 -0.01975893 -0.03534121
19851031 -0.01803873 0.1272474 0.04163031
19851129 0.01642275 0.05748747 0.06303301
19851231 0.07567486 0.03836073 0.04407526
19860131 -0.07937089 -0.04734007 0.002364203
19860228 -0.04299153 0.04634718 0.06904927
19860331 0.2116414 0.06487815 0.05144758
19860430 -0.02777673 0.007442238 -0.01424904
19860530 -0.09716567 0.05781975 0.04900824
19860630 0.1100276 0.0284825 0.01401138
19860731 0.02123471 -0.02623823 -0.06047532
19860829 0.04024802 0.03336321 0.06877298
19860930 -0.1597183 -0.1662022 -0.08931111
19861031 0.03938138 0.1106232 0.05328386
19861128 -0.1878246 0.03601076 0.02124962
19861231 -0.08588121 -0.01784325 -0.02869581
19870130 0.05358052 0.1493222 0.1237801
19870227 -0.02273234 -0.01430686 0.03625864
19870331 -0.004432815 0.05875841 0.02604779
19870430 -0.02399812 -0.07414936 -0.01151606
19870529 -0.006472561 0.07663321 0.006015868
19870630 0.1085421 0.06862827 0.04680248
19870731 0.03553445 -0.04380247 0.0470973
19870831 0.03096115 0.09957199 0.03436181
19870930 -0.009853494 -0.01839414 -0.02446279
19871030 0.3477584 -0.1273267 -0.2454275
19871130 -0.06545129 -0.08110594 -0.08921271
19871231 0.09203448 0.04798508 0.07032891
19880129 -0.04341366 0.002340259 0.03963601
19880229 0.09907942 -0.007391248 0.0409663
19880331 -0.1145921 -0.07868396 -0.03391155
19880429 -0.03024475 -0.0006422062 0.009380862
19880531 0.003456533 -0.009771587 0.003170967
19880630 0.009619839 0.01462257 0.04234659
19880729 -0.1524649 -0.02184998 -0.005425692
19880831 0.06389572 -0.00667825 -0.03936472
19880930 0.143424 0.06955125 0.0389601
19881031 0.07233685 0.04072247 0.02563266
19881130 -0.1504943 -0.009118447 -0.01907171
19881230 0.1195629 0.06071403 0.01458118
19890131 0.1249401 0.06588418 0.06870016
19890228 -0.06552834 -0.03873251 -0.02937114
19890331 0.2150048 0.04279509 0.02059251
19890428 0.2054154 0.04155644 0.04887587
19890531 0.1457952 0.07186474 0.03453475
19890630 0.1140374 0.05329903 -0.00795657
19890731 0.08647343 0.1033514 0.08468116
19890831 -0.1616492 0.0736593 0.01539784
19890929 -0.07077527 -0.06843731 -0.006565506
19891031 0.1511905 0.0802353 -0.02549731
19891130 -0.0256331 0.002899792 0.01640569
19891229 -0.1235805 0.08152653 0.02119088
19900131 -0.01391883 -0.08617028 -0.07129946
19900228 -0.07676013 -0.00195491 0.008502749
19900330 -0.1237093 0.05889607 0.02396552
19900430 0.03212607 0.04791073 -0.02725507
19900531 0.1330218 0.1569285 0.0880008
19900629 -0.004621304 0.05303163 -0.008925716
19900731 0.04676471 0.0008606296 -0.005236688
19900831 -0.04870464 -0.1192251 -0.09906261
19900928 -0.02317742 -0.05505932 -0.05254039
19901031 0.06581434 0.08228297 -0.006720532
19901130 0.02821445 0.05264368 0.05820664
19901231 0.1730354 0.04425513 0.02452479
19910131 -0.0501582 -0.08269163 0.04067926
19910228 -0.0790814 0.02492381 0.06511429
19910328 -0.1179571 0.04658965 0.0219601
19910430 0.03891259 -0.008850046 0.0003459402
19910531 -0.1262945 0.01479304 0.03785151
19910628 -0.06649186 -0.09545749 -0.04907786
19910731 0.01164677 0.0488673 0.04388195
19910830 -0.0363921 0.03348893 0.01945845
19910930 -0.01904744 0.01633289 -0.01932962
19911031 -0.03035154 -0.008876278 0.01179022
19911129 0.01178968 -0.03189322 -0.04492205
19911231 0.04217065 0.1475153 0.1057896
19920131 -0.2097898 0.1048275 -0.02010067
19920228 -0.1095593 -0.02069467 0.009519545
19920331 -0.07656406 0.006131166 -0.02207384
19920430 0.03274296 0.01504525 0.02751108
19920529 -0.1156644 -0.004854765 0.0009635357
19920630 0.04230445 -0.1105104 -0.01751143
19920731 0.01544507 0.1012218 0.03861861
19920831 -0.07964019 -0.07696096 -0.02429064
19920930 0.01999017 0.05195942 0.00906479
19921030 -0.2203898 0.07367416 0.002103785
19921130 0.02818829 0.02567262 0.02981314
19921231 -0.01345443 -0.01158788 0.01005726
19930129 0.03062052 -0.06949264 0.007021293
19930226 -0.04216127 0.04423313 0.01042942
19930331 0.02210226 -0.04172344 0.01852436
19930430 -0.05365547 -0.009569643 -0.02574559
19930528 -0.1186253 0 0.02246281
19930630 0.1134166 0.05687548 0.0007547151
19930730 -0.04630033 -0.05819919 -0.005341239
19930831 0.08021117 -0.007721736 0.03385248
19930930 -0.03223065 -0.01825359 -0.01003821
19931029 -0.04049027 0.1385717 0.01920735
19931130 0.0005088868 0.04505271 -0.01299507
19931231 -0.0083814 0.004395326 0.01004043
19940131 0.07134131 0.04812137 0.03198401
19940228 -0.1817023 -0.0341909 -0.0305056
19940331 0.02049799 -0.07210306 -0.0468254
19940429 -0.03479035 0.06661044 0.01146502
19940531 0.05223106 -0.008829869 0.01234252
19940630 0.102381 -0.05468324 -0.027178
19940729 0.05492834 0.04979347 0.03098206
19940831 0.1005101 0.08794494 0.03695179
19940930 -0.07963595 -0.02074775 -0.02726637
19941031 0.1521602 0.05862451 0.02061994
19941130 -0.07547296 -0.005981856 -0.0403065
19941230 0.1405764 -0.008032172 0.01222398
19950131 0.1547159 0.05453364 0.02398797
19950228 0.119797 0.02089321 0.03543857
19950331 0.008555301 -0.003766083 0.02696223
19950428 -0.01233557 0.05826891 0.02757626
19950531 0.1577922 0.02822101 0.03566826
19950630 -0.08724835 0 0.02105576
19950731 0.02771031 -0.0368445 0.03128159
19950831 -0.00329926 0.007233773 -0.0003200512
19950929 -0.08609582 0.1042789 0.03931494
19951031 -0.04258035 0.05556999 -0.004991437
19951130 -0.04390071 0.06569504 0.04022886
19951229 0.03832648 -0.04130336 0.0172936
19960131 -0.08629267 0.01672633 0.03209636
19960229 -0.06698372 -0.02409804 0.00691007
19960329 -0.1136116 0.0329869 0.007885825
19960430 0.01156326 0.001768435 0.0133416
19960531 -0.03071848 0.03916398 0.02259578
19960628 -0.0208045 0.03081432 0.002254457
19960731 0.0562897 -0.01025945 -0.04682749
19960830 0.04323755 -0.004210853 0.01863921
19960930 0.0384275 0.09262111 0.05275657
19961031 -0.01481633 0.01980263 0.02579542
19961129 0.02120687 0.09393196 0.07080882
19961231 0.003204395 -0.01039888 -0.0217396
19970131 0.02762216 0.07230485 0.05951059
19970228 -0.03199509 0.03818075 0.005910499
19970331 0.00940482 -0.04577696 -0.04354863
19970430 0.06324692 0.09511198 0.056764
19970530 0.03801409 0.09205124 0.05692555
19970630 -0.02244322 0.02418419 0.04253541
19970731 0.0056614 0.07748498 0.07522157
19970829 -0.05592962 -0.1334137 -0.05916207
19970930 0.08226334 0.03687084 0.05178947
19971031 -0.05533023 -0.01179833 -0.03508639
19971128 -0.0405235 0.1136893 0.04362159
19971231 0.06981518 0.04648274 0.01560953
19980130 -0.007391171 -0.01495832 0.01009883
19980227 -0.08506857 0.07967495 0.06807819
19980331 0.04979516 -0.00590842 0.04873873
19980430 0.03490927 -0.02320005 0.009035061
19980529 -0.07246907 0.02032406 -0.01900547
19980630 0.03040846 0.08221849 0.03868018
19980731 0.01807678 -0.1337783 -0.01168298
19980831 0.04775556 -0.03689223 -0.1575864
19980930 0.0659052 -0.07285138 0.06052673
19981030 -0.09315811 0.2238881 0.07723323
19981130 -0.0764411 -0.01205234 0.05744404
19981231 -0.06457093 0.04122159 0.05484324
19990129 -0.04233121 -0.001671396 0.04019044
19990226 -0.1036082 -0.01524664 -0.03281559
19990331 0.1141507 0.09009113 0.03806042
19990430 -0.06338852 -0.03999838 0.03724183
19990528 -0.08840756 -0.00467491 -0.02528704
19990630 0.06999882 -0.04518253 0.05300792
19990730 -0.03312762 0.01812573 -0.03257071
19990831 0.01938473 0.09160149 -0.006273638
19990930 0.06224002 -0.05701066 -0.02896754
19991029 0.009658635 0.1151841 0.06066133
19991130 6.011951e-05 0.03398105 0.0188826
19991231 0.05413762 0.009745359 0.05623287
20000131 0.02452654 -0.07759512 -0.05224533
20000229 0.02509903 -0.1398243 -0.02031292
20000331 0.07246908 -0.4416743 0.09232391
20000428 0.03565473 0.06127006 -0.03128016
20000531 0.147814 0.107033 -0.0221587
20000630 -0.005163156 -0.1497746 0.02365207
20000731 0.01046073 -0.0004370955 -0.01647599
20000831 0.05190795 0.08324956 0.05892812
20000929 -0.00782267 0.08058687 -0.05496635
20001031 0.0218012 0.06901754 -0.004961287
20001130 0.05084043 0.04699713 -0.08345661
20001229 0.06291679 0.04648179 0.004044809
20010131 0.1422065 -0.08300016 0.03405064
20010228 -0.2175957 -0.01882916 -0.09683144
20010330 -0.01140526 -0.1188477 -0.06635884
20010430 -0.1103624 -0.03577641 0.07400668
20010531 -0.04852306 0.06744835 0.00507709
20010629 -0.2532953 -0.006872562 -0.02532191
20010731 -0.01078438 0.1125444 -0.01083044
20010831 -0.1438582 0.04312845 -0.06625519
20010928 0.0006565014 -0.01851128 -0.08525619
20011031 -0.03607867 0.01864608 0.01793716
20011130 -0.2106714 0.04867397 0.07248437
20011231 -0.1201999 0.02132989 0.007545461
20020131 -0.2100928 0.03635893 -0.01569655
20020228 -0.03428545 0.03736804 -0.02098465
20020328 -0.1576686 0.06063121 0.03608021
20020430 0.1248964 0.00608644 -0.06338505
20020531 -0.0802342 -0.0078971 -0.009122484
20020628 -0.03165718 0.005415311 -0.07522475
20020731 0.004343624 0.001119373 -0.08228981
20020830 -0.06030143 -0.003828319 0.004869127
20020930 0.1046818 0.008201277 -0.1165484
20021031 -0.03513984 -0.00583499 0.08290261
20021129 0.05030389 -0.0453311 0.05550093
20021231 -0.06599615 0.0165434 -0.06222972
20030131 -0.0350153 0.0004648919 -0.0277978
20030228 -0.04611145 -0.04432395 -0.01715023
20030331 0.007321843 0.08418764 0.008323265
20030430 -0.04407518 0.01349651 0.07792724
20030530 -0.06332734 0.0216881 0.04964599
20030630 0.04361237 -0.02917344 0.01125839
20030731 -0.1215757 -0.009633251 0.0160938
20030829 -0.07262494 -0.006622883 0.01771516
20030930 0.0124736 0.06142618 -0.0120159
20031031 -0.06930126 0.06187842 0.05350475
20031128 -0.04623157 -0.02107758 0.007103709
20031231 0.02167434 0.03712429 0.04951847
20040130 -0.04260946 0.01643422 0.01712847
20040227 -0.05725641 0.01404787 0.01213507
20040331 0.01535587 0.02285678 -0.01649429
20040430 -0.06820626 0.01297841 -0.01693357
20040528 -0.05728349 0.01938489 0.01201058
20040630 0.02818824 0.00978299 0.01782911
20040730 -0.01024896 -0.03819212 -0.03489273
20040831 0.03806108 0.07069143 0.002284389
20040930 -0.04416237 -0.03361159 0.00932043
20041029 -0.0003267159 -0.05098176 0.01391671
20041130 -0.01327613 0.04395851 0.03786884
20041231 0.03523508 0.02947919 0.03194237
20050131 0.02569819 -0.02947928 -0.02561529
20050228 0.005528452 -0.002633465 0.01872656
20050331 0.07779149 -0.001696438 -0.01930311
20050429 0.0003134315 0.02662343 -0.02031394
20050531 0.08579242 0.01829856 0.0295122
20050630 -0.03483013 -0.04449331 -0.0001430102
20050729 0.002574437 0.05817928 0.03533626
20050831 0.07654526 -0.002699641 -0.01128544
20050930 -0.02437683 0.06928163 0.006924967
20051031 0.008779393 -0.05514174 -0.01790026
20051130 0.0539507 0.02120556 0.03458112
20051230 0.04089357 0.0119928 -0.0009524534
20060131 -0.0180889 0.02777274 0.02514812
20060228 0.009223576 0.01174871 0.0004528974
20060331 0.07633339 -0.03913384 0.01100423
20060428 -0.03761841 0.01532497 0.01211334
20060531 0.06705795 -0.07045465 -0.03140502
20060630 0.01389871 0.02458041 8.699622e-05
20060731 0.07235576 0.0162345 0.00507311
20060831 0.01569423 0.09660389 0.02105087
20060929 0.03406789 0.001291166 0.02426911
20061031 -0.008827429 0.02737292 0.03102181
20061130 0.001377255 -0.009510078 0.01633289
20061229 -0.01295785 0.02329749 0.01253708
20070131 0.005347104 0.0140597 0.01396109
20070228 -0.03408565 -0.02150253 -0.02208816
20070330 0.004913974 -0.005211557 0.009930529
20070430 -0.004146408 0.02486235 0.04238014
20070531 -0.002897451 -0.01328688 0.0320305
20070629 -0.03387268 -0.0378431 -0.01797662
20070731 -0.0242223 0.0165316 -0.0325046
20070831 0.2186278 0.05427131 0.01278196
20070928 -0.1469693 0.07419518 0.03516828
20071031 -0.0343833 -0.006704425 0.01471323
20071130 0.1463462 0.06245072 -0.04504235
20071231 -0.3036061 -0.007868879 -0.008665437
20080131 0.2320964 -0.1100325 -0.0631134
20080229 -0.2904764 0.01155004 -0.03537954
20080331 0.02321222 0.05711636 -0.005977832
20080430 -0.3871238 -0.03810797 0.04645124
20080530 -0.2029016 -0.01502633 0.01061744
20080630 -0.0522762 -0.08265796 -0.08988313
20080731 -0.08062283 0.08008025 -0.009907922
20080829 -0.05107031 0.06345919 0.01211729
20080930 0.1217506 -0.001147658 -0.09518029
20081031 -0.02886441 -0.07059308 -0.185637
20081128 -0.06689403 -0.002948342 -0.07779831
20081231 -0.04365404 -0.04010975 0.007791567
20090130 -0.1585064 -0.1187137 -0.0895495
20090227 -0.07442165 -0.1234645 -0.1164563
20090331 0.002737808 -0.02267617 0.08195319
20090430 0.001345393 0.05755922 0.08977215
20090529 -0.1187671 0.04932907 0.05172015
20090630 -0.02303495 -0.01630521 0.0001959808
20090731 -0.0688375 0.09067399 0.0715222
20090831 -0.02877513 -0.0255445 0.03300915
20090930 -0.02695243 0.06804362 0.03509973
20091030 -0.02885781 0.008937937 -0.01995988
20091130 0.0003119061 0.07232066 0.05577902
20091231 -0.10103 -0.02797364 0.01761494
20100129 0.002610396 0.02218312 -0.03767487
20100226 -0.05360095 0.02771925 0.02811504
20100331 -0.006863104 -0.0001580125 0.05713241
20100430 -0.05087338 -0.009978621 0.01465115
20100528 -0.005089735 -0.01736388 -0.08553174
20100630 0.006037263 -0.0183371 -0.05538798
20100730 -0.06486249 0.02732913 0.06651594
20100831 0.003112549 -0.02466366 -0.04861163
20100930 -0.04408032 0.005015402 0.08392838
20101029 -0.02587454 0.06584766 0.03619306
20101130 -0.04186431 -0.0401212 -0.002292626
20101231 -0.01595905 0.05200499 0.06325645
20110131 -0.02269246 -0.01122679 0.02239339
20110228 -0.03955278 -0.001267803 0.031457
20110331 -0.03195967 -0.02326658 -0.001047548
20110429 -0.04108029 0.06024243 0.02809657
20110531 -0.02965259 0.03184454 -0.01359297
20110630 -0.04486186 -0.05255093 -0.01842673
20110729 -0.07080132 -0.02476514 -0.02170792
20110831 0.04197215 0.03499642 -0.05846739
20110930 -0.08603794 -0.007882989 -0.07446711
20111031 -0.01318813 0.02090986 0.1023066
20111130 -0.04629174 0.009023168 -0.00507184
20111230 -0.04867001 0.03260464 0.0084968
