date       dec1    dec2     dec9    dec10
19610131 0.058011 0.06804 0.096754 0.087303
19610228 0.029241 0.042879 0.056564 0.06004
19610330 0.025896 0.02527 0.060563 0.073311
19610428 0.005667 0.000877 0.011911 0.025753
19610531 0.019208 0.037392 0.046248 0.052023
19610630 -0.02467 -0.025332 -0.050651 -0.052041
19610731 0.035668 0.02735 0.004484 -0.007925
19610831 0.024092 0.042317 0.008745 0.011488
19610929 -0.016177 -0.024145 -0.036241 -0.034508
19611031 0.028087 0.028047 0.023609 0.027396
19611130 0.048685 0.037885 0.052817 0.047763
19611229 0.005025 -0.011401 0.002387 0.002807
19620131 -0.04526 -0.022769 0.007979 0.047892
19620228 0.02362 0.012938 0.01248 0.025599
19620330 -0.003898 -0.002837 0.004284 -0.007905
19620430 -0.06129 -0.069399 -0.069243 -0.073537
19620531 -0.078846 -0.085574 -0.100785 -0.10861
19620629 -0.083259 -0.07639 -0.079802 -0.075677
19620731 0.068084 0.060073 0.072275 0.077161
19620831 0.020698 0.02718 0.036381 0.04777
19620928 -0.044818 -0.058543 -0.07738 -0.073603
19621031 0.012499 -0.00814 -0.055811 -0.059562
19621130 0.099604 0.133502 0.129271 0.107458
19621231 0.019592 0.01113 -0.038341 -0.040749
19630131 0.045429 0.055389 0.094983 0.104486
19630228 -0.023884 -0.018394 -0.017808 -0.018155
19630329 0.038267 0.032237 0.012976 0.001153
19630430 0.052166 0.039321 0.017776 0.010118
19630531 0.015735 0.025482 0.042853 0.036635
19630628 -0.020691 -0.006069 -0.006799 -0.010582
19630731 0.003275 -0.003159 -0.005376 -0.002477
19630830 0.052318 0.059272 0.032852 0.026653
19630930 -0.009125 -0.020792 -0.019807 0.00204
19631031 0.035121 0.019602 0.002833 0.007016
19631129 -0.005387 -0.002446 -0.018406 -0.022297
19631231 0.025565 0.019087 -0.009151 -0.021819
19640131 0.031144 0.013786 0.030904 0.046242
19640228 0.01576 0.018223 0.017326 0.028016
19640331 0.012396 0.020256 0.030815 0.01953
19640430 0.008592 -0.006305 -0.007332 -0.004249
19640528 0.017664 0.013243 -0.008667 0.005094
19640630 0.015844 0.016313 0.011585 0.013163
19640731 0.016735 0.034244 0.023815 0.037029
19640831 -0.013134 -0.012906 -0.004772 -0.005573
19640930 0.027702 0.031828 0.037297 0.050351
19641030 0.00624 0.007968 0.021981 0.026918
19641130 0.003817 -0.000464 0.007266 -0.002249
19641231 0.007182 -0.000823 -0.015109 -0.01998
19650129 0.03081 0.046427 0.05712 0.084762
19650226 -0.003587 0.025498 0.018742 0.035896
19650331 -0.015123 -0.00752 0.030291 0.024336
19650430 0.034077 0.028259 0.032507 0.050321
19650528 -0.002959 -0.009231 -0.021767 -0.002347
19650630 -0.04043 -0.057578 -0.092205 -0.09657
19650730 0.011193 0.024219 0.035293 0.026863
19650831 0.024496 0.03427 0.043122 0.040087
19650930 0.032489 0.027799 0.019904 0.02981
19651029 0.022185 0.033503 0.067262 0.074523
19651130 -0.010616 0.012488 0.049592 0.059053
19651231 0.006171 0.023643 0.05108 0.049598
19660131 -0.001079 0.018601 0.057475 0.085423
19660228 -0.016176 -0.011238 0.043811 0.048119
19660331 -0.02382 -0.007018 -0.021543 -0.002481
19660429 0.019589 0.021322 0.053058 0.054574
19660531 -0.042101 -0.058315 -0.092825 -0.110102
19660630 -0.015246 -0.004762 0.002304 -0.00557
19660729 -0.012703 -0.008649 -0.016103 -0.01978
19660831 -0.067081 -0.081761 -0.099178 -0.118895
19660930 -0.002101 -0.012696 -0.017207 -0.022673
19661031 0.054016 0.050185 -0.0282 -0.052977
19661130 0.008646 0.022892 0.053044 0.042278
19661230 -0.004802 0.019891 0.020857 0.019079
19670131 0.068568 0.080373 0.180843 0.211806
19670228 0.008735 0.011044 0.048767 0.064911
19670331 0.039698 0.035364 0.067494 0.068904
19670428 0.04403 0.037541 0.040785 0.044602
19670531 -0.050631 -0.036233 -0.002191 0.000295
19670630 0.014998 0.01887 0.102075 0.118678
19670731 0.041034 0.051373 0.089876 0.1048
19670831 -0.008704 -0.003777 -0.004674 0.011887
19670929 0.03492 0.021973 0.073676 0.088675
19671031 -0.017631 -0.053763 -0.030405 -0.007511
19671130 0.007657 0.001845 0.012547 -0.012048
19671229 0.02325 0.033111 0.101914 0.112981
19680131 -0.046267 -0.040359 0.007135 0.076514
19680229 -0.024984 -0.032197 -0.055084 -0.075146
19680329 0.012511 -0.003027 -0.015568 -0.016972
19680430 0.080396 0.085935 0.161241 0.170134
19680531 0.011076 0.028609 0.096214 0.13855
19680628 0.007917 0.023493 0.003688 0.013114
19680730 -0.015339 -0.022999 -0.038548 -0.020943
19680830 0.013173 0.016034 0.042423 0.047302
19680930 0.031751 0.053948 0.066513 0.070898
19681031 0.00741 0.016422 -0.00967 0.0041
19681129 0.047482 0.066408 0.070788 0.072423
19681231 -0.044984 -0.029151 0.010592 0.033044
19690131 -0.008208 -0.000299 -0.019187 0.004643
19690228 -0.037417 -0.065761 -0.095074 -0.103165
19690328 0.041346 0.011199 0.030027 0.018273
19690430 0.024883 0.018685 -0.003889 -0.004934
19690529 0.006649 -0.001651 0.003673 0.011502
19690630 -0.048659 -0.069702 -0.128577 -0.132533
19690731 -0.056311 -0.063499 -0.111659 -0.117458
19690829 0.050951 0.03982 0.054845 0.041077
19690930 -0.030304 -0.00765 -0.033037 -0.031771
19691031 0.041143 0.071243 0.09676 0.112035
19691128 -0.026198 -0.036227 -0.072298 -0.070327
19691231 -0.010351 -0.023517 -0.068192 -0.089239
19700130 -0.080692 -0.068004 -0.043693 -0.009592
19700227 0.056258 0.07707 0.040517 0.025837
19700331 0.001078 -0.011366 -0.036098 -0.035673
19700430 -0.084833 -0.10964 -0.177406 -0.187493
19700529 -0.048462 -0.07401 -0.101702 -0.094647
19700630 -0.048952 -0.047306 -0.08531 -0.087369
19700731 0.073319 0.07313 0.057671 0.040341
19700831 0.044079 0.055228 0.06375 0.058201
19700930 0.029107 0.042906 0.137416 0.163561
19701030 -0.004906 -0.024022 -0.068092 -0.079411
19701130 0.054586 0.060109 0.002067 -0.031902
19701231 0.050112 0.068955 0.093818 0.094088
19710129 0.034885 0.053614 0.131944 0.182548
19710226 0.013189 0.015037 0.047367 0.068243
19710331 0.041144 0.035396 0.046002 0.063385
19710430 0.034221 0.038489 0.029759 0.01949
19710528 -0.037548 -0.029219 -0.062733 -0.06478
19710630 0.006808 -0.00051 -0.027439 -0.030383
19710730 -0.038081 -0.037829 -0.065584 -0.06669
19710831 0.039668 0.038182 0.05491 0.030787
19710930 -0.004516 -0.00809 0.000195 -2.8e-05
19711029 -0.032954 -0.054115 -0.062275 -0.068634
19711130 0.009671 -0.010698 -0.044812 -0.054719
19711231 0.079864 0.095033 0.132976 0.126949
19720131 0.016369 0.028511 0.111935 0.152311
19720229 0.030204 0.029931 0.032985 0.042728
19720330 0.012325 -0.002066 -0.004181 -0.00819
19720428 0.007168 0.008691 -0.001257 0.001503
19720531 0.027161 0.007478 -0.025637 -0.033376
19720630 -0.014936 -0.03071 -0.036085 -0.040016
19720731 0.009158 -0.020557 -0.051803 -0.036376
19720831 0.037061 0.050653 -0.004622 -0.001045
19720929 0.001613 -0.019101 -0.042264 -0.043812
19721031 0.014394 0.011725 -0.023347 -0.033214
19721130 0.040127 0.065779 0.052936 0.042128
19721229 0.022182 -0.004857 -0.020323 -0.03189
19730131 -0.004979 -0.072329 -0.05205 -0.033162
19730228 -0.031568 -0.048032 -0.085564 -0.084468
19730330 0.002759 -0.016991 -0.028426 -0.030544
19730430 -0.038118 -0.056069 -0.081071 -0.085084
19730531 -0.006239 -0.019389 -0.096901 -0.104067
19730629 0.001023 -0.027391 -0.043801 -0.044644
19730731 0.03358 0.075324 0.145697 0.150538
19730831 -0.034154 -0.012549 -0.055687 -0.073051
19730928 0.028717 0.090222 0.105907 0.076823
19731031 0.004062 -0.02148 -0.008499 0.001446
19731130 -0.098924 -0.13566 -0.206715 -0.199853
19731231 0.015834 0.010668 -0.029664 -0.062624
19740131 -0.021841 0.025216 0.178253 0.202554
19740228 -0.001581 0.012267 -0.00598 -0.008725
19740329 -0.022258 -0.031543 -0.001827 0.011522
19740430 -0.034169 -0.064395 -0.059521 -0.062462
19740531 -0.018382 -0.068651 -0.079307 -0.079801
19740628 -0.013298 -0.030279 -0.029587 -0.026679
19740731 -0.086102 -0.050734 -0.048179 -0.054411
19740830 -0.082207 -0.102441 -0.087674 -0.0824
19740930 -0.124626 -0.076541 -0.082329 -0.078183
19741031 0.173961 0.176748 0.092736 0.077082
19741129 -0.047427 -0.019068 -0.053914 -0.072223
19741231 -0.018764 -0.019956 -0.089879 -0.099849
19750131 0.102644 0.174092 0.335371 0.402605
19750228 0.068822 0.045027 0.039284 0.025067
19750331 0.01678 0.034792 0.099781 0.126137
19750430 0.049074 0.03937 0.045726 0.014451
19750530 0.054235 0.049397 0.073342 0.073454
19750630 0.040561 0.080278 0.075801 0.101392
19750731 -0.068987 -0.059034 -0.033234 0.008975
19750829 -0.015699 -0.019284 -0.065993 -0.071067
19750930 -0.035695 -0.032386 -0.034944 -0.035721
19751031 0.065669 0.059346 0.02183 -0.004053
19751128 0.029495 0.02965 0.027153 0.02453
19751231 -0.015052 0.000157 -0.012313 -0.018419
19760130 0.110547 0.129526 0.22557 0.273677
19760227 -0.017872 0.018792 0.110527 0.163815
19760331 0.039322 0.005838 0.007587 0.00289
19760430 -0.010542 -0.010469 -0.022683 -0.027655
19760528 -0.007063 -0.004697 -0.025822 -0.035147
19760630 0.041786 0.055836 0.029171 0.024088
19760730 -0.008924 -0.009154 0.002512 -0.005917
19760831 0.003661 0.000953 -0.017056 -0.027198
19760930 0.026106 0.02376 0.019653 0.018059
19761029 -0.01976 -0.027805 -0.030639 -0.022953
19761130 -0.007277 0.024965 0.042815 0.016488
19761231 0.047675 0.071218 0.106467 0.111061
19770131 -0.049291 -0.039702 0.035524 0.053905
19770228 -0.014298 -0.025348 -0.014093 -0.007405
19770331 -0.018091 -0.002212 0.007848 0.006871
19770429 -0.003659 0.017994 0.008339 0.01409
19770531 -0.015803 -0.006419 -0.009083 -0.00149
19770630 0.047698 0.050767 0.074592 0.074829
19770729 -0.013255 -0.021676 -0.003122 0.005767
19770831 -0.011677 -0.022938 -0.016348 -0.02019
19770930 -0.001951 -0.000995 0.014111 0.017767
19771031 -0.043407 -0.036093 -0.021759 -0.031608
19771130 0.031112 0.047278 0.103846 0.089596
19771230 0.004479 0.006829 0.013388 0.014722
19780131 -0.062186 -0.057471 -0.020631 0.00478
19780228 -0.016074 -0.01782 0.027277 0.032579
19780331 0.019256 0.039867 0.078042 0.092997
19780428 0.090255 0.075704 0.087632 0.08516
19780531 0.006843 0.02675 0.068662 0.081704
19780630 -0.018249 -0.015104 0.00163 0.001854
19780731 0.055644 0.049352 0.05679 0.052701
19780831 0.02979 0.035443 0.072012 0.121905
19780929 -0.005209 -0.006671 -0.011056 -0.002263
19781031 -0.076646 -0.125223 -0.241447 -0.239397
19781130 0.030149 0.034387 0.069869 0.073003
19781229 0.020203 0.000248 0.010811 -0.00079
19790131 0.035101 0.052476 0.114372 0.12059
19790228 -0.027509 -0.031935 -0.025555 -0.02517
19790330 0.0493 0.073203 0.105335 0.094505
19790430 0.003393 -0.00127 0.018507 0.02909
19790531 -0.018502 -0.003652 -0.005546 -0.007959
19790629 0.03538 0.062144 0.054039 0.04903
19790731 0.004935 0.027496 0.021246 0.019436
19790831 0.056733 0.060304 0.08945 0.08157
19790928 0.002751 0.000984 -0.01117 -0.014482
19791031 -0.055801 -0.079816 -0.119663 -0.108689
19791130 0.051129 0.066653 0.094154 0.063935
19791231 0.01199 0.04052 0.074767 0.073014
19800131 0.061682 0.066161 0.10014 0.114047
19800229 0.016553 -0.025146 -0.027364 -0.027541
19800331 -0.096744 -0.116833 -0.18918 -0.192455
19800430 0.042414 0.057822 0.065893 0.056609
19800530 0.047808 0.069866 0.06655 0.071021
19800630 0.02848 0.04234 0.039126 0.040632
19800731 0.054632 0.080625 0.137272 0.108809
19800829 0.013449 0.025002 0.072781 0.082943
19800930 0.024628 0.035898 0.027316 0.028708
19801031 0.020754 0.014414 0.04132 0.032605
19801128 0.129188 0.085953 0.069025 0.027352
19801231 -0.039689 -0.017899 -0.033371 -0.031815
19810130 -0.057169 -0.033817 0.01674 0.034188
19810227 0.01774 0.008944 0.014133 0.00991
19810331 0.019261 0.077539 0.095843 0.093096
19810430 -0.029966 -0.008781 0.032499 0.038398
19810529 -0.001835 0.022585 0.028022 0.034391
19810630 -0.000546 -0.014301 -0.009901 0.009558
19810731 0.008963 -0.010012 -0.037194 -0.025912
19810831 -0.052426 -0.058096 -0.080668 -0.080764
19810930 -0.051993 -0.051525 -0.078797 -0.086296
19811030 0.0505 0.072269 0.090751 0.081734
19811130 0.051194 0.033292 0.025897 0.020277
19811231 -0.032349 -0.02186 -0.003065 -0.028879
19820129 -0.01427 -0.03119 -0.021786 -0.006772
19820226 -0.054569 -0.050299 -0.044828 -0.041014
19820331 -0.008096 -0.009509 -0.001101 -0.006003
19820430 0.036001 0.051338 0.040044 0.038886
19820528 -0.021587 -0.038903 -0.027917 -0.019453
19820630 -0.015556 -0.02943 -0.029271 -0.031733
19820730 -0.018898 -0.035237 -0.023055 -0.01294
19820831 0.12792 0.123537 0.083156 0.064037
19820930 0.008445 0.014075 0.029422 0.027618
19821029 0.104797 0.12518 0.147729 0.151446
19821130 0.039396 0.047456 0.073883 0.099093
19821231 0.01213 0.014769 0.02517 0.007787
19830131 0.039064 0.028275 0.076123 0.107242
19830228 0.025498 0.028056 0.050677 0.051508
19830331 0.031406 0.027774 0.041157 0.058068
19830429 0.078297 0.061569 0.081621 0.071337
19830531 -0.020074 0.022277 0.082803 0.123791
19830630 0.038691 0.025471 0.027798 0.039943
19830729 -0.03524 -0.035805 -0.017412 -0.019394
19830831 0.020524 -0.001011 -0.024283 -0.03861
19830930 0.011382 0.020706 0.00232 -0.004633
19831031 -0.009432 -0.02314 -0.063904 -0.070552
19831130 0.017569 0.019818 0.05045 0.047765
19831230 -0.004081 -0.013227 -0.019377 -0.028683
19840131 0.004074 -0.014173 -0.006453 0.017792
19840229 -0.029145 -0.046821 -0.062253 -0.071658
19840330 0.011127 0.027848 0.005315 -0.001133
19840430 0.015204 -0.006221 -0.0175 -0.026666
19840531 -0.04987 -0.052277 -0.057042 -0.060429
19840629 0.020115 0.032594 0.030853 0.012883
19840731 -0.006202 -0.016055 -0.053549 -0.064245
19840831 0.105876 0.111895 0.120268 0.09716
19840928 -0.000292 0.004317 -0.011646 -0.0112
19841031 0.004338 0.011037 -0.021122 -0.035719
19841130 -0.011351 -0.000779 -0.024946 -0.054643
19841231 0.024541 0.032975 0.017579 -0.005108
19850131 0.072697 0.071289 0.148899 0.159419
19850228 0.014848 0.027263 0.023666 0.035784
19850329 -0.003125 0.021047 -0.030419 -0.024184
19850430 -0.001253 -0.000191 -0.015519 -0.019622
19850531 0.060591 0.074883 0.031929 0.01897
19850628 0.015477 0.023886 0.015495 0.005653
19850731 -0.006686 -0.013512 0.026792 0.028384
19850830 -0.004333 -0.005601 -0.006616 -0.006203
19850930 -0.027689 -0.043245 -0.051911 -0.0578
19851031 0.042414 0.067547 0.032841 0.017304
19851129 0.070169 0.0707 0.065499 0.053133
19851231 0.049037 0.038126 0.044501 0.035963
19860131 0.000317 0.026745 0.026765 0.04175
19860228 0.073298 0.08825 0.066307 0.060271
19860331 0.056559 0.053018 0.04823 0.039268
19860430 -0.012753 -0.018426 0.019451 0.011076
19860530 0.053433 0.057979 0.032916 0.0288
19860630 0.022077 0.009967 0.010967 0.002731
19860731 -0.05001 -0.05444 -0.082761 -0.085838
19860829 0.07358 0.069058 0.017323 0.006343
19860930 -0.089844 -0.084136 -0.068655 -0.060414
19861031 0.05298 0.060288 0.030393 0.020801
19861128 0.02527 0.011929 -0.003783 -0.010562
19861231 -0.023371 -0.036105 -0.030159 -0.03942
19870130 0.1345 0.117466 0.118122 0.112802
19870227 0.034946 0.049963 0.074728 0.085552
19870331 0.027426 0.0116 0.016799 0.019874
19870430 -0.006043 -0.029396 -0.03005 -0.025495
19870529 0.007951 0.002424 -0.003272 -0.007786
19870630 0.048735 0.052185 0.021523 0.014544
19870731 0.043458 0.046448 0.025443 0.02071
19870831 0.046213 0.034475 0.025602 0.012928
19870930 -0.022298 -0.024724 -0.025297 -0.010821
19871030 -0.199139 -0.226765 -0.294731 -0.284685
19871130 -0.090103 -0.067051 -0.05015 -0.058542
19871231 0.06548 0.084573 0.054497 0.022103
19880129 0.039771 0.062669 0.061795 0.091765
19880229 0.033432 0.060879 0.076478 0.067733
19880331 -0.041943 -0.015535 0.041196 0.044539
19880429 0.011475 0.007831 0.01893 0.008841
19880531 0.011473 -0.004352 -0.024418 -0.027077
19880630 0.039201 0.062459 0.063333 0.05127
19880729 -0.000411 -0.015994 -0.005433 -0.002028
19880831 -0.030948 -0.027703 -0.020139 -0.02214
19880930 0.04267 0.051955 0.022913 0.013956
19881031 0.030945 0.013948 -0.014927 -0.015075
19881130 -0.009133 -0.025257 -0.033412 -0.03816
19881230 0.017117 0.018028 0.02889 0.027798
19890131 0.071918 0.071046 0.045821 0.049505
19890228 -0.029033 -0.011095 0.004494 0.008568
19890331 0.026084 0.020376 0.023886 0.01877
19890428 0.053636 0.04239 0.024004 0.027621
19890531 0.041332 0.042753 0.033372 0.026537
19890630 -0.006287 0.003887 -0.011226 -0.010943
19890731 0.091464 0.080454 0.033485 0.025981
19890831 0.012235 0.034412 0.021617 0.017153
19890929 0.004051 -0.005745 0.003666 -0.00051
19891031 -0.014476 -0.038987 -0.063807 -0.066103
19891130 0.021663 0.014619 -0.002324 -0.013956
19891229 0.022321 0.018017 -0.007259 -0.023767
19900131 -0.066581 -0.074781 -0.074432 -0.051643
19900228 0.012336 0.021373 0.024179 0.002601
19900330 0.024861 0.016261 0.031943 0.011132
19900430 -0.01531 -0.040769 -0.029128 -0.032647
19900531 0.094656 0.096387 0.053084 0.028272
19900629 -0.003601 -0.012135 0.011627 0.002348
19900731 0.001721 -0.025819 -0.045485 -0.040334
19900831 -0.085012 -0.093924 -0.135053 -0.127085
19900928 -0.040832 -0.0643 -0.097051 -0.085836
19901031 0.006823 -0.027684 -0.06238 -0.076239
19901130 0.053019 0.096312 0.052949 0.02299
19901231 0.022413 0.041288 0.012574 -0.009403
19910131 0.039081 0.061341 0.093931 0.112567
19910228 0.066841 0.07128 0.140083 0.149625
19910328 0.024147 0.023955 0.065622 0.0963
19910430 -0.002811 0.012237 0.003898 0.028176
19910531 0.036385 0.052755 0.028252 0.023484
19910628 -0.041841 -0.056687 -0.044887 -0.035897
19910731 0.047977 0.048847 0.038178 0.023063
19910830 0.025809 0.029386 0.037426 0.015702
19910930 -0.016373 -0.009126 0.017914 0.003264
19911031 0.014056 0.016478 0.036365 0.008265
19911129 -0.03234 -0.048462 -0.039712 -0.027466
19911231 0.117798 0.111706 0.053809 0.018158
19920131 -0.030235 0.006512 0.120155 0.185113
19920228 0.005052 0.023389 0.049727 0.062072
19920331 -0.018471 -0.0237 -0.026945 -0.008243
19920430 0.028233 0.024058 -0.052398 -0.040834
19920529 0.00587 0.008072 0.006464 0.001505
19920630 -0.015218 -0.017322 -0.051647 -0.048663
19920731 0.040451 0.041907 0.032647 0.034898
19920831 -0.018618 -0.023218 -0.027077 -0.028204
19920930 0.008332 0.029615 0.014495 0.008424
19921030 0.00123 0.018379 0.039135 0.014389
19921130 0.031418 0.048064 0.103164 0.089159
19921231 0.011029 0.014712 0.033461 0.048194
19930129 0.000328 0.024171 0.048639 0.077157
19930226 0.011717 0.007707 -0.032947 -0.0168
19930331 0.018974 0.031613 0.028928 0.031737
19930430 -0.028153 -0.029166 -0.036706 -0.020733
19930528 0.027201 0.024509 0.037436 0.030489
19930630 0.004767 -0.000627 0.001301 0.003906
19930730 -0.007145 0.00857 0.012296 0.01819
19930831 0.034928 0.042898 0.045139 0.040327
19930930 -0.005768 -0.000403 0.027397 0.035506
19931029 0.017741 0.009196 0.04077 0.060938
19931130 -0.008795 -0.019592 -0.030032 -0.025355
19931231 0.006755 0.028091 0.0175 0.000277
19940131 0.032081 0.027832 0.042529 0.06185
19940228 -0.031713 -0.019965 -0.000993 -0.008603
19940331 -0.042758 -0.040804 -0.053017 -0.043027
19940429 0.016329 0.001855 -0.009231 -0.018599
19940531 0.020612 0.002153 -0.002114 0.000771
19940630 -0.025368 -0.032869 -0.033171 -0.017254
19940729 0.032307 0.035114 0.002254 0.00955
19940831 0.037264 0.049146 0.048029 0.034204
19940930 -0.023297 -0.025027 0.013571 0.017278
19941031 0.024455 0.019103 0.008063 0.00389
19941130 -0.031149 -0.040866 -0.037776 -0.041903
19941230 0.013466 0.012004 -0.004729 -0.023285
19950131 0.030619 0.019117 0.017529 0.045096
19950228 0.033707 0.054618 0.035179 0.02917
19950331 0.026382 0.029436 0.019542 0.015455
19950428 0.033405 0.011473 0.029504 0.022728
19950531 0.040273 0.039629 0.022526 0.021166
19950630 0.024989 0.02585 0.064458 0.053178
19950731 0.032847 0.038494 0.068153 0.05476
19950831 0.002866 0.019265 0.039186 0.045219
19950929 0.050035 0.027397 0.023991 0.024205
19951031 0.003612 -0.019205 -0.052517 -0.05109
19951130 0.040163 0.056874 0.026184 0.004368
19951229 0.018984 0.005386 0.015189 0.009222
19960131 0.036889 0.022652 0.008269 0.025798
19960229 0.010501 0.02396 0.029254 0.032813
19960329 0.004519 0.018049 0.030501 0.023811
19960430 0.009788 0.02737 0.091028 0.075263
19960531 0.028797 0.016967 0.069949 0.07264
19960628 0.008968 -0.011392 -0.064394 -0.050196
19960731 -0.040952 -0.063569 -0.087742 -0.082785
19960830 0.018382 0.03881 0.056509 0.039203
19960930 0.059604 0.05495 0.039265 0.027036
19961031 0.026342 0.010445 -0.0226 -0.018863
19961129 0.076851 0.069269 0.029668 0.015347
19961231 -0.019159 -0.020698 0.025419 0.011053
19970131 0.070279 0.034529 0.047142 0.06405
19970228 0.005576 0.003747 -0.019741 -0.01314
19970331 -0.044095 -0.043445 -0.060782 -0.049875
19970430 0.06651 0.031018 -0.040528 -0.041677
19970530 0.059059 0.078192 0.123205 0.091964
19970630 0.047572 0.024477 0.054404 0.046301
19970731 0.081395 0.090081 0.060398 0.050122
19970829 -0.062237 -0.019342 0.045617 0.044348
19970930 0.054214 0.055484 0.09181 0.100175
19971031 -0.029512 -0.035435 -0.034247 -0.021383
19971128 0.050634 0.020393 -0.015843 -0.025167
19971231 0.016337 0.035165 -0.00643 -0.026117
19980130 0.017736 -0.023612 -0.012069 0.009948
19980227 0.07086 0.081074 0.070455 0.055418
19980331 0.054163 0.047296 0.047644 0.055752
19980430 0.014 0.004297 0.028415 0.026445
19980529 -0.01665 -0.030878 -0.059249 -0.044867
19980630 0.051494 0.023557 -0.022024 -0.046448
19980731 -0.00017 -0.042682 -0.062735 -0.060329
19980831 -0.144685 -0.151524 -0.226436 -0.203487
19980930 0.068019 0.061804 0.052543 0.014908
19981030 0.074951 0.084203 0.049184 0.025033
19981130 0.067848 0.045348 0.088599 0.079144
19981231 0.070167 0.049019 0.040477 0.000204
19990129 0.053383 -0.003339 0.046057 0.071178
19990226 -0.032374 -0.02556 -0.073165 -0.054932
19990331 0.042068 0.039699 -0.021774 -0.033678
19990430 0.030212 0.089062 0.10694 0.072808
19990528 -0.032422 0.002682 0.025893 0.040646
19990630 0.054705 0.030323 0.046801 0.027016
19990730 -0.03394 -0.03643 0.015613 0.023021
19990831 -0.003395 -0.017022 -0.026793 -0.024424
19990930 -0.02552 -0.039952 -0.007149 -0.027344
19991029 0.074692 0.054226 -0.025082 -0.017797
19991130 0.029276 0.030766 0.108303 0.097138
19991231 0.07433 0.070104 0.122073 0.089689
20000131 -0.048824 -0.036827 0.062493 0.073146
20000229 0.006427 0.054803 0.159177 0.138943
20000331 0.080684 0.036781 -0.056801 -0.041014
20000428 -0.052073 -0.057757 -0.103435 -0.074328
20000531 -0.040154 -0.019481 -0.071099 -0.047518
20000630 0.049073 0.020176 0.079196 0.039071
20000731 -0.020463 -0.006724 -0.016203 -0.009233
20000831 0.07172 0.094787 0.081315 0.040553
20000929 -0.056161 -0.01226 -0.035467 -0.02343
20001031 -0.016823 -0.024004 -0.081224 -0.071283
20001130 -0.099813 -0.10414 -0.121227 -0.103131
20001229 -0.002043 0.059771 0.000645 -0.038241
20010131 0.027831 0.039481 0.225975 0.3119
20010228 -0.101231 -0.068485 -0.107953 -0.098671
20010330 -0.069256 -0.063118 -0.064648 -0.060684
20010430 0.075246 0.089718 0.064688 0.056319
20010531 0.003478 0.013185 0.116642 0.068933
20010629 -0.025926 -0.012408 0.038849 0.003054
20010731 -0.008703 -0.040571 -0.038902 -0.007198
20010831 -0.068487 -0.044768 -0.03109 -0.030807
20010928 -0.071303 -0.113258 -0.136874 -0.112574
20011031 0.014349 0.026101 0.090239 0.090633
20011130 0.072311 0.076548 0.096119 0.081326
20011231 0.004766 0.02824 0.083801 0.075458
20020131 -0.01343 -0.009763 -0.010566 0.040474
20020228 -0.020976 -0.016285 -0.053272 -0.043918
20020328 0.032069 0.059135 0.100269 0.076702
20020430 -0.067378 -0.023809 0.004527 0.003723
20020531 -0.006208 -0.016865 -0.043165 -0.007787
20020628 -0.07285 -0.063818 -0.021172 -0.056021
20020731 -0.064648 -0.098766 -0.161958 -0.108987
20020830 0.006885 0.005558 -0.014189 -0.004866
20020930 -0.108413 -0.088915 -0.081818 -0.076082
20021031 0.092271 0.065898 0.038566 0.050564
20021129 0.05043 0.052604 0.15276 0.145646
20021231 -0.059577 -0.041226 -0.07646 -0.048669
20030131 -0.027668 -0.012594 -0.018135 0.012644
20030228 -0.016683 -0.0105 -0.028245 -0.025155
20030331 0.012117 0.013815 0.019213 0.011927
20030430 0.080718 0.071879 0.10445 0.107306
20030530 0.043424 0.084414 0.138447 0.160951
20030630 0.01605 0.003247 0.042153 0.06659
20030731 0.015773 0.023308 0.075433 0.088563
20030829 0.01242 0.041761 0.051903 0.046782
20030930 -0.009679 -0.018291 0.003499 0.041733
20031031 0.052378 0.068004 0.086462 0.085889
20031128 0.005789 0.024705 0.042912 0.045373
20031231 0.051521 0.039319 0.028585 0.040898
20040130 0.01703 0.018164 0.060623 0.081826
20040227 0.012491 0.022962 0.003866 0.009642
20040331 -0.019326 -0.002241 -0.011063 0.003573
20040430 -0.009956 -0.021342 -0.037025 -0.035203
20040528 0.00988 0.016336 -0.006264 -0.011484
20040630 0.01329 0.029968 0.042209 0.019956
20040730 -0.031872 -0.038348 -0.094744 -0.067716
20040831 0.004539 0.005296 -0.014929 -0.01182
20040930 0.004727 0.037208 0.053005 0.039942
20041029 0.009385 0.029718 0.020814 0.013021
20041130 0.034768 0.054757 0.097469 0.079791
20041231 0.033266 0.037829 0.039407 0.063656
20050131 -0.024632 -0.021162 -0.045995 -0.036131
20050228 0.018142 0.026701 0.004133 0.006553
20050331 -0.019272 -0.004187 -0.035511 -0.038822
20050429 -0.01388 -0.02558 -0.065443 -0.060221
20050531 0.030747 0.042458 0.066163 0.043404
20050630 -0.003993 0.021184 0.045276 0.046894
20050729 0.032424 0.051888 0.065801 0.0782
20050831 -0.007371 -0.014215 -0.016973 -0.004203
20050930 0.005352 0.017351 -5.8e-05 0.01465
20051031 -0.011138 -0.021264 -0.028541 -0.029749
20051130 0.035621 0.039034 0.048115 0.029295
20051230 -0.003227 0.010571 -0.00355 0.01545
20060131 0.018365 0.049485 0.092628 0.085966
20060228 0.002424 -0.00559 -0.002158 0.008402
20060331 0.010697 0.018173 0.043691 0.049753
20060428 0.013049 0.008485 -0.004677 0.004968
20060531 -0.025273 -0.030032 -0.057692 -0.045814
20060630 0.001563 0.004627 -0.008793 -0.010225
20060731 0.011197 -0.010095 -0.03784 -0.032433
20060831 0.02429 0.026311 0.029482 0.021412
20060929 0.027031 0.017125 0.004854 0.005531
20061031 0.031948 0.036544 0.06661 0.049557
20061130 0.013591 0.032955 0.024516 0.02677
20061229 0.018246 0.002002 0.014741 0.02423
20070131 0.013271 0.028391 0.012072 0.016459
20070228 -0.02675 0.004406 -0.005401 -0.001779
20070330 0.012299 0.007718 0.009145 0.000626
20070430 0.042318 0.038548 0.007854 0.021951
20070531 0.034898 0.032174 0.033929 0.020097
20070629 -0.016701 -0.015409 0.000675 -0.005348
20070731 -0.02689 -0.02759 -0.073465 -0.059068
20070831 0.020654 -0.001788 0.015683 -0.01935
20070928 0.040628 0.03318 0.009193 0.020862
20071031 0.022084 0.020427 0.022612 0.002133
20071130 -0.038447 -0.036718 -0.086624 -0.087351
20071231 -0.004023 -0.008966 -0.003285 -0.007242
20080131 -0.063003 -0.05429 -0.070925 -0.049964
20080229 -0.028757 -0.033061 -0.057889 -0.028021
20080331 -0.002856 -0.018732 -0.003278 -0.027149
20080430 0.043661 0.060936 0.02564 0.01139
20080530 0.009706 0.021634 0.050173 0.023469
20080630 -0.080792 -0.086946 -0.09819 -0.087975
20080731 -0.00681 -0.021676 0.064584 0.019449
20080829 0.012539 0.008509 0.03868 0.030797
20080930 -0.080147 -0.121923 -0.076214 -0.094284
20081031 -0.150885 -0.199662 -0.208434 -0.232028
20081128 -0.065631 -0.091317 -0.126553 -0.169038
20081231 0.006305 0.038179 0.051894 0.021846
20090130 -0.08329 -0.067699 -0.104535 -0.036921
20090227 -0.09942 -0.096799 -0.132396 -0.121966
20090331 0.087706 0.083287 0.110671 0.106032
20090430 0.070483 0.151217 0.240318 0.250665
20090529 0.05298 0.053037 0.092712 0.14067
20090630 0.004362 -0.000112 0.03082 0.055244
20090731 0.07091 0.086479 0.098444 0.107306
20090831 0.029726 0.037314 0.045471 0.081985
20090930 0.031177 0.049744 0.072941 0.071943
20091030 -0.0121 -0.03944 -0.078398 -0.075151
20091130 0.063006 0.050584 0.015415 0.010163
20091231 0.009555 0.047389 0.081157 0.075822
20100129 -0.033718 -0.033408 -0.036274 -0.003966
20100226 0.027465 0.041523 0.049538 0.040824
20100331 0.05771 0.064042 0.077197 0.084171
20100430 0.007725 0.030406 0.071636 0.094493
20100528 -0.08023 -0.075872 -0.084041 -0.087405
20100630 -0.049693 -0.050662 -0.077896 -0.080229
20100730 0.06874 0.070351 0.063256 0.058096
20100831 -0.043646 -0.045216 -0.088994 -0.087563
20100930 0.085822 0.103301 0.120939 0.109471
20101029 0.040337 0.03597 0.057762 0.042217
20101130 -0.004709 0.012206 0.043858 0.023071
20101231 0.064218 0.065653 0.091159 0.096424
20110131 0.022708 0.017644 -0.017746 -0.002076
20110228 0.029376 0.037955 0.051088 0.04437
20110331 -0.003551 0.004487 0.030243 0.000707
20110429 0.028783 0.031079 0.01737 0.011413
20110531 -0.015554 -0.000705 -0.015485 -0.02715
20110630 -0.016157 -0.014463 -0.033822 -0.024079
20110729 -0.014622 -0.037547 -0.024549 -0.022974
20110831 -0.050088 -0.058321 -0.104923 -0.10699
20110930 -0.062419 -0.07948 -0.109587 -0.10835
20111031 0.100115 0.123943 0.160079 0.111555
20111130 -0.001389 -0.006115 -0.014118 -0.030796
20111230 0.014278 -0.005179 0.008958 0.023336
20120131 0.04192 0.050998 0.085293 0.099262
20120229 0.044145 0.048047 0.004745 0.02759
20120330 0.035524 0.023725 0.033181 0.042457
20120430 -0.0066 -0.00871 -0.018991 -0.014019
20120531 -0.056296 -0.063999 -0.076805 -0.065103
20120629 0.042463 0.029065 0.059457 0.063576
20120731 0.014991 0.007113 -0.023273 -0.014632
20120831 0.021309 0.026718 0.030303 0.025287
20120928 0.027542 0.02291 0.043419 0.051981
20121031 -0.019399 -0.015633 -0.036081 -0.028645
20121130 0.003956 0.014105 0.007225 -0.008495
20121231 0.003944 0.020925 0.041021 0.027739
20130131 0.050061 0.066369 0.04775 0.070659
20130228 0.012506 0.014314 0.011417 0.003291
20130328 0.037524 0.041689 0.054368 0.049866
20130430 0.01897 0.02273 0.008853 0.000194
20130531 0.023874 0.021721 0.050904 0.05217
20130628 -0.014005 -0.005341 0.017106 0.019804
20130731 0.051157 0.054476 0.080087 0.080625
20130830 -0.027968 -0.025261 -0.028852 -0.028931
20130930 0.029565 0.040608 0.07014 0.066405
20131031 0.047042 0.03771 0.019113 0.025801
20131129 0.032979 0.026866 0.055452 0.051234
20131231 0.026625 0.031064 0.033153 0.020707
20140131 -0.038449 -0.021978 -0.016904 0.000168
20140228 0.040305 0.0607 0.047987 0.041786
20140331 0.010072 -0.002738 -0.001291 -0.002865
20140430 0.007661 -0.00476 -0.060465 -0.045323
20140530 0.023102 0.025624 -0.000467 -0.001596
20140630 0.017603 0.031536 0.057758 0.04739
20140731 -0.011186 -0.022889 -0.068226 -0.054817
20140829 0.039201 0.048388 0.03404 0.042632
20140930 -0.010363 -0.018762 -0.061034 -0.046488
20141031 0.018434 0.030494 0.052089 0.038802
20141128 0.028053 0.033725 -0.009717 -0.014972
20141231 -0.005157 -0.005448 0.059503 0.031405
