date    hstarts
1959.083 96.2
1959.167 99
1959.25 127.7
1959.333 150.8
1959.417 152.5
1959.5 147.8
1959.583 148.1
1959.667 138.2
1959.75 136.4
1959.833 120
1959.917 104.7
1960 95.6
1960.083 86
1960.167 90.7
1960.25 90.5
1960.333 123
1960.417 130.2
1960.5 122.8
1960.583 114.3
1960.667 130.3
1960.75 96.9
1960.833 110.4
1960.917 92.8
1961 64.2
1961.083 70.4
1961.167 74.1
1961.25 104.2
1961.333 112.8
1961.417 127.6
1961.5 134.8
1961.583 126.6
1961.667 127.1
1961.75 125.4
1961.833 124.8
1961.917 103
1962 82.2
1962.083 81.2
1962.167 77.1
1962.25 116.2
1962.333 147.8
1962.417 155.2
1962.5 136.8
1962.583 136.5
1962.667 147.7
1962.75 114.3
1962.833 135.2
1962.917 120.9
1963 93.9
1963.083 79
1963.167 89.6
1963.25 124.8
1963.333 164.2
1963.417 172.7
1963.5 154.2
1963.583 151.3
1963.667 144
1963.75 143.7
1963.833 165.3
1963.917 119.3
1964 95
1964.083 97.9
1964.167 101.3
1964.25 129.1
1964.333 147.1
1964.417 152.8
1964.5 157.2
1964.583 140.6
1964.667 138.3
1964.75 119.8
1964.833 141.2
1964.917 110.6
1965 93
1965.083 81.7
1965.167 80.9
1965.25 119.9
1965.333 148.6
1965.417 153.3
1965.5 151.8
1965.583 139.1
1965.667 128.3
1965.75 124.6
1965.833 133.1
1965.917 110.5
1966 101.1
1966.083 79.4
1966.167 76.2
1966.25 118.1
1966.333 140.9
1966.417 130
1966.5 120.6
1966.583 99.2
1966.667 101.8
1966.75 89.1
1966.833 76.6
1966.917 72.8
1967 60.2
1967.083 59.1
1967.167 61.4
1967.25 91.5
1967.333 113.7
1967.417 132
1967.5 125.4
1967.583 125.3
1967.667 127.4
1967.75 121.9
1967.833 135.4
1967.917 118.4
1968 80.1
1968.083 80.5
1968.167 84.6
1968.25 126.6
1968.333 162
1968.417 140.9
1968.5 137.9
1968.583 139.8
1968.667 136.6
1968.75 134.2
1968.833 140.8
1968.917 127.1
1969 96.4
1969.083 101.5
1969.167 90.1
1969.25 131.9
1969.333 159
1969.417 155.5
1969.5 147.3
1969.583 125.2
1969.667 124.9
1969.75 129.3
1969.833 123.4
1969.917 94.6
1970 84.1
1970.083 66.4
1970.167 74.3
1970.25 114.7
1970.333 128.4
1970.417 125
1970.5 135.2
1970.583 140.8
1970.667 128.7
1970.75 130.9
1970.833 140.9
1970.917 126.9
1971 121.4
1971.083 110.6
1971.167 102.2
1971.25 167.9
1971.333 201.1
1971.417 198.5
1971.5 193.8
1971.583 194.3
1971.667 204.5
1971.75 173.8
1971.833 179.7
1971.917 173.7
1972 152.1
1972.083 149.1
1972.167 152.2
1972.25 203.9
1972.333 211.6
1972.417 225.8
1972.5 223.1
1972.583 206.5
1972.667 228.6
1972.75 203
1972.833 216.5
1972.917 185.7
1973 150.5
1973.083 146.6
1973.167 138
1973.25 200
1973.333 205
1973.417 234
1973.5 202.6
1973.583 202.6
1973.667 197.2
1973.75 148.4
1973.833 147.1
1973.917 133.3
1974 90.4
1974.083 84.5
1974.167 109.4
1974.25 124.8
1974.333 159.5
1974.417 149
1974.5 147.6
1974.583 126.6
1974.667 111.1
1974.75 98.3
1974.833 96.7
1974.917 75.1
1975 55.1
1975.083 56.1
1975.167 54.7
1975.25 80.2
1975.333 97.9
1975.417 116.1
1975.5 110.3
1975.583 119.3
1975.667 117.3
1975.75 111.9
1975.833 123.6
1975.917 96.9
1976 76.1
1976.083 72.5
1976.167 89.9
1976.25 118.4
1976.333 137.2
1976.417 147.9
1976.5 154.2
1976.583 136.6
1976.667 145.9
1976.75 151.8
1976.833 148.4
1976.917 127.1
1977 107.4
1977.083 81.3
1977.167 112.5
1977.25 173.6
1977.333 182.2
1977.417 201.3
1977.5 197.6
1977.583 189.8
1977.667 194
1977.75 177.7
1977.833 193.1
1977.917 154.8
1978 129.2
1978.083 88.6
1978.167 101.3
1978.25 172.1
1978.333 197.5
1978.417 211
1978.5 216
1978.583 192.2
1978.667 190.9
1978.75 180.5
1978.833 192.1
1978.917 158.6
1979 119.5
1979.083 88.2
1979.167 84.5
1979.25 152.9
1979.333 161
1979.417 189.1
1979.5 191.8
1979.583 164.2
1979.667 170.3
1979.75 163.7
1979.833 169
1979.917 118.7
1980 91.6
1980.083 73.1
1980.167 79.9
1980.25 85.1
1980.333 96.2
1980.417 91.7
1980.5 116.4
1980.583 120.1
1980.667 129.9
1980.75 138.3
1980.833 152.7
1980.917 112.9
1981 95.9
1981.083 84.5
1981.167 71.9
1981.25 107.8
1981.333 123
1981.417 109.9
1981.5 105.8
1981.583 99.9
1981.667 86.3
1981.75 84.1
1981.833 87.2
1981.917 64.6
1982 59.1
1982.083 47.2
1982.167 51.3
1982.25 78.2
1982.333 84.1
1982.417 98.8
1982.5 91.1
1982.583 106.8
1982.667 96
1982.75 106.4
1982.833 110.5
1982.917 108.9
1983 82.9
1983.083 91.3
1983.167 96.3
1983.25 134.6
1983.333 135.8
1983.417 174.9
1983.5 173.2
1983.583 161.6
1983.667 176.8
1983.75 154.9
1983.833 159.3
1983.917 136
1984 108.3
1984.083 109.1
1984.167 130
1984.25 137.5
1984.333 172.7
1984.417 180.7
1984.5 184
1984.583 162.1
1984.667 147.4
1984.75 148.5
1984.833 152.3
1984.917 126.2
1985 98.9
1985.083 105.4
1985.167 95.4
1985.25 145
1985.333 175.8
1985.417 170.2
1985.5 163.2
1985.583 160.7
1985.667 160.7
1985.75 147.7
1985.833 173
1985.917 124.1
1986 120.5
1986.083 115.6
1986.167 107.2
1986.25 151
1986.333 188.2
1986.417 186.6
1986.5 183.6
1986.583 172
1986.667 163.8
1986.75 154
1986.833 154.8
1986.917 115.6
1987 113
1987.083 105.1
1987.167 102.8
1987.25 141.2
1987.333 159.3
1987.417 158
1987.5 162.9
1987.583 152.4
1987.667 143.6
1987.75 152
1987.833 139.1
1987.917 118.8
1988 85.4
1988.083 78.2
1988.167 90.2
1988.25 128.8
1988.333 153.2
1988.417 140.2
1988.5 150.2
1988.583 137
1988.667 136.8
1988.75 131.1
1988.833 135.1
1988.917 113
1989 94.2
1989.083 100.1
1989.167 85.8
1989.25 117.8
1989.333 129.4
1989.417 131.7
1989.5 143.2
1989.583 134.7
1989.667 122.4
1989.75 109.3
1989.833 130.1
1989.917 96.6
1990 75
1990.083 99.2
1990.167 86.9
1990.25 108.5
1990.333 119
1990.417 121.1
1990.5 117.8
1990.583 111.2
1990.667 102.8
1990.75 93.1
1990.833 94.2
1990.917 81.4
1991 57.4
1991.083 52.5
1991.167 59.1
1991.25 73.8
1991.333 99.7
1991.417 97.7
1991.5 103.4
1991.583 103.5
1991.667 94.7
1991.75 86.6
1991.833 101.8
1991.917 75.6
1992 65.6
1992.083 71.6
1992.167 78.8
1992.25 111.6
1992.333 107.6
1992.417 115.2
1992.5 117.8
1992.583 106.2
1992.667 109.9
1992.75 106
1992.833 111.8
1992.917 84.5
1993 78.6
1993.083 70.5
1993.167 74.6
1993.25 95.5
1993.333 117.8
1993.417 120.9
1993.5 128.5
1993.583 115.3
1993.667 121.8
1993.75 118.5
1993.833 123.3
1993.917 102.3
1994 98.7
1994.083 76.2
1994.167 83.5
1994.25 134.3
1994.333 137.6
1994.417 148.8
1994.5 136.4
1994.583 127.8
1994.667 139.8
1994.75 130.1
1994.833 130.6
1994.917 113.4
1995 98.5
1995.083 84.5
1995.167 81.6
1995.25 103.8
1995.333 116.9
1995.417 130.5
1995.5 123.4
1995.583 129.1
1995.667 135.8
1995.75 122.4
1995.833 126.2
1995.917 107.2
1996 92.8
1996.083 90.7
1996.167 95.9
1996.25 116
1996.333 146.6
1996.417 143.9
1996.5 138
1996.583 137.5
1996.667 144.2
1996.75 128.7
1996.833 130.8
1996.917 111.5
1997 93.1
1997.083 82.2
1997.167 94.7
1997.25 120.4
1997.333 142.3
1997.417 136.3
1997.5 140.4
1997.583 134.6
1997.667 126.5
1997.75 139.2
1997.833 139
1997.917 112.4
1998 106
1998.083 91.2
1998.167 101.1
1998.25 132.6
1998.333 144.9
1998.417 143.3
1998.5 159.6
1998.583 156
1998.667 147.5
1998.75 141.5
1998.833 155.5
1998.917 124.2
1999 119.6
1999.083 106.8
1999.167 110.2
1999.25 147.3
1999.333 144.6
1999.417 153.2
1999.5 149.4
1999.583 152.6
1999.667 152.9
1999.75 140.3
1999.833 142.9
1999.917 127.4
2000 113.6
2000.083 104
2000.167 119.7
2000.25 133.4
2000.333 149.5
2000.417 152.9
2000.5 146.3
2000.583 135
2000.667 141.4
2000.75 128.9
2000.833 139.7
2000.917 117.1
2001 100.7
2001.083 106.4
2001.167 108.2
2001.25 133.2
2001.333 151.3
2001.417 154
2001.5 155.2
2001.583 154.6
2001.667 141.5
2001.75 133.1
2001.833 139.8
2001.917 121
2002 104.6
2002.083 110.4
2002.167 120.4
2002.25 138.2
2002.333 148.8
2002.417 165.5
2002.5 160.3
2002.583 155.9
2002.667 147
2002.75 155.6
2002.833 146.8
2002.917 133
2003 123.1
2003.083 117.8
2003.167 109.7
2003.25 147.2
2003.333 151.2
2003.417 165
2003.5 174.5
2003.583 175.8
2003.667 163.8
2003.75 171.3
2003.833 173.5
2003.917 153.7
2004 144.2
2004.083 124.5
2004.167 126.4
2004.25 173.8
2004.333 179.5
2004.417 187.6
2004.5 172.3
2004.583 182
2004.667 185.9
2004.75 164
2004.833 181.3
2004.917 138.1
2005 140.2
2005.083 142.9
2005.167 149.1
2005.25 156.2
2005.333 184.6
2005.417 197.9
2005.5 192.8
2005.583 187.6
2005.667 192
2005.75 187.9
2005.833 180.4
2005.917 160.7
2006 136
2006.083 153
2006.167 145.1
2006.25 165.9
2006.333 160.5
2006.417 190.2
2006.5 170.2
2006.583 160.9
2006.667 146.8
2006.75 150.1
2006.833 130.6
2006.917 115.2
2007 112.4
2007.083 95
2007.167 103.1
2007.25 123.8
2007.333 135.6
2007.417 136.5
2007.5 137.8
2007.583 127.9
2007.667 121.2
2007.75 101.5
2007.833 115
2007.917 88.8
2008 68.9
2008.083 70.8
2008.167 78.4
2008.25 82.2
2008.333 89.5
2008.417 91.7
2008.5 102.5
2008.583 86.7
2008.667 76.4
2008.75 73.9
2008.833 68.2
2008.917 47.5
2009 37.7
2009.083 31.9
2009.167 39.8
2009.25 42.7
2009.333 42.5
2009.417 52.2
2009.5 59.1
2009.583 56.8
2009.667 52.9
2009.75 52.6
2009.833 44.5
2009.917 42.3
2010 36.6
2010.083 38.9
2010.167 40.7
2010.25 54.7
2010.333 62
2010.417 56.2
2010.5 53.8
2010.583 51.5
2010.667 56.3
2010.75 53
2010.833 45.4
2010.917 40.6
2011 33.8
2011.083 40.2
2011.167 35.4
2011.25 49.9
2011.333 49
2011.417 54
2011.5 60.5
2011.583 57.6
2011.667 54.5
2011.75 58.8
2011.833 53.2
2011.917 53
2012 42.7
2012.083 47.2
2012.167 49.7
2012.25 58
2012.333 66.8
2012.417 67.8
2012.5 74.7
2012.583 69.2
2012.667 69
2012.75 75.8
2012.833 77
2012.917 62.2
2013 63.2
2013.083 58.7
2013.167 66.1
2013.25 83.3
2013.333 76.3
2013.417 87.2
2013.5 80.7
2013.583 84
2013.667 80.4
2013.75 78.4
2013.833 78.4
2013.917 83.8
2014 67.6
2014.083 60.7
2014.167 65.1
2014.25 80.2
2014.333 94.9
2014.417 92.5
2014.5 87.3
2014.583 101
2014.667 86.2
2014.75 94.2
2014.833 92
2014.917 75.8
2015 73.4
2015.083 73
2015.167 61.9
2015.25 79.7
2015.333 108.5
2015.417 99.6
2015.5 112.3
2015.583 107.2
2015.667 99.2
2015.75 111.6
2015.833 90.9
2015.917 89.9
2016 78.1
2016.083 74.3
2016.167 84.1
2016.25 90.7
2016.333 106.2
2016.417 105
2016.5 111.6
2016.583 115.2
2016.667 102.8
2016.75 95
2016.833 114.5
2016.917 87.8
2017 86.5
2017.083 82.8
2017.167 87.1
