  PERMNO        date            ko         vwretd
   11308    19520131       0.024390      0.017002
   11308    19520229       0.009524     -0.025141
   11308    19520331       0.016509      0.045870
   11308    19520430      -0.016393     -0.049148
   11308    19520529       0.028571      0.032847
   11308    19520630       0.046296      0.039575
   11308    19520731       0.008929      0.011404
   11308    19520829      -0.008850     -0.006733
   11308    19520930      -0.031250     -0.019147
   11308    19521031      -0.004651     -0.005309
   11308    19521128       0.059579      0.059347
   11308    19521231      -0.014590      0.031066
   11308    19530130       0.056948     -0.001644
   11308    19530227       0.058190     -0.001820
   11308    19530331      -0.037678     -0.012862
   11308    19530430      -0.022412     -0.027705
   11308    19530529       0.013100      0.006921
   11308    19530630      -0.038793     -0.016377
   11308    19530731       0.026018      0.025111
   11308    19530831      -0.038589     -0.044056
   11308    19530930       0.009174      0.003010
   11308    19531030      -0.013761      0.047523
   11308    19531130       0.034884      0.028501
   11308    19531231       0.016018      0.000678
   11308    19540129       0.076577      0.052722
   11308    19540226       0.002092      0.017551
   11308    19540331       0.034447      0.037377
   11308    19540430      -0.019329      0.043162
   11308    19540528      -0.012448      0.031704
   11308    19540630      -0.007353      0.011560
   11308    19540730       0.007471      0.050668
   11308    19540831      -0.025424     -0.022763
   11308    19540930       0.013043      0.064633
   11308    19541029      -0.056277     -0.016216
   11308    19541130       0.025229      0.095387
   11308    19541231       0.031891      0.055469
   11308    19550131       0.028698      0.006838
   11308    19550228       0.030043      0.031354
   11308    19550331      -0.018750     -0.000995
   11308    19550429       0.047109      0.032352
   11308    19550531      -0.006135      0.012033
   11308    19550630       0.111111      0.066108
   11308    19550729       0.016791      0.020246
   11308    19550831      -0.005505      0.004197
   11308    19550930      -0.050738     -0.002009
   11308    19551031      -0.014691     -0.025752
   11308    19551130       0.015905      0.071864
   11308    19551230      -0.007952      0.016543
   11308    19560131      -0.002004     -0.028119
   11308    19560229       0.002008      0.039610
   11308    19560329       0.016032      0.068456
   11308    19560430       0.020875      0.005083
   11308    19560531      -0.057449     -0.049309
   11308    19560629      -0.035124      0.037251
   11308    19560731       0.002160      0.050830
   11308    19560831      -0.036638     -0.029820
   11308    19560928      -0.046980     -0.049608
   11308    19561031      -0.021327      0.007292
   11308    19561130      -0.004843      0.004678
   11308    19561231      -0.022333      0.034957
   11308    19570131       0.060914     -0.032121
   11308    19570228      -0.019139     -0.018703
   11308    19570329       0.002439      0.024112
   11308    19570430       0.019656      0.045179
   11308    19570531       0.036145      0.036679
   11308    19570628      -0.013953     -0.005054
   11308    19570731       0.005952      0.008938
   11308    19570830      -0.046154     -0.050051
   11308    19570930      -0.019851     -0.057586
   11308    19571031       0.017903     -0.041251
   11308    19571129       0.055276      0.025605
   11308    19571231      -0.048544     -0.037360
   11308    19580131       0.067602      0.049595
   11308    19580228       0.077658     -0.014257
   11308    19580331      -0.013304      0.033700
   11308    19580430       0.063492      0.030833
   11308    19580529      -0.019190      0.024582
   11308    19580630       0.039130      0.029493
   11308    19580731      -0.010549      0.044844
   11308    19580829      -0.025586      0.019181
   11308    19580930      -0.013129      0.048680
   11308    19581031       0.033557      0.027184
   11308    19581128       0.086580      0.030610
   11308    19581231       0.056680      0.053099
   11308    19590130      -0.068966      0.009120
   11308    19590227       0.074074      0.011220
   11308    19590331      -0.021073      0.004669
   11308    19590430       0.043393      0.037899
   11308    19590529       0.113422      0.019595
   11308    19590630       0.014431      0.000676
   11308    19590731       0.041281      0.034362
   11308    19590831      -0.006472     -0.012446
   11308    19590930       0.008143     -0.044977
   11308    19591030       0.019512      0.015746
   11308    19591130       0.007974      0.018557
   11308    19591231      -0.029126      0.028043
   11308    19600129      -0.018333     -0.066244
   11308    19600229       0.018676      0.014419
   11308    19600331       0.069500     -0.012822
   11308    19600429      -0.030733     -0.015271
   11308    19600531       0.146341      0.034098
   11308    19600630       0.052766      0.022833
   11308    19600729       0.036735     -0.022705
   11308    19600831       0.007874      0.032215
   11308    19600930       0.007422     -0.058673
   11308    19601031      -0.001957     -0.004705
   11308    19601130       0.146667      0.048617
   11308    19601230       0.108621      0.048537
   11308    19610131       0.009331      0.063952
   11308    19610228       0.103236      0.037005
   11308    19610330       0.012291      0.030610
   11308    19610428      -0.050000      0.005645
   11308    19610531       0.087719      0.025894
   11308    19610630      -0.058065     -0.028499
   11308    19610731       0.008621      0.029955
   11308    19610831       0.022792      0.026854
   11308    19610929       0.034540     -0.019990
   11308    19611031       0.005420      0.027331
   11308    19611130       0.125067      0.045451
   11308    19611229      -0.002410      0.000713
   11308    19620131      -0.099034     -0.036147
   11308    19620228      -0.016086      0.019512
   11308    19620330       0.041962     -0.004688
   11308    19620430      -0.026316     -0.063435
   11308    19620531      -0.091892     -0.084620
   11308    19620629      -0.082143     -0.082615
   11308    19620731       0.120915      0.065438
   11308    19620831      -0.007289      0.023414
   11308    19620928      -0.070778     -0.050154
   11308    19621031       0.012739      0.002184
   11308    19621130       0.092453      0.110137
   11308    19621231      -0.011594      0.011865
   11308    19630131       0.058651      0.051848
   11308    19630228      -0.002770     -0.021931
   11308    19630329       0.046389      0.032917
   11308    19630430      -0.010695      0.047439
   11308    19630531       0.005405      0.020051
   11308    19630628       0.015323     -0.018030
   11308    19630731       0.018667     -0.001718
   11308    19630830       0.070681      0.052684
   11308    19630930       0.004156     -0.011898
   11308    19631031       0.014706      0.027708
   11308    19631129       0.019807     -0.005549
   11308    19631231       0.102503      0.021736
   11308    19640131       0.021622      0.025790
   11308    19640228       0.003175      0.017207
   11308    19640331       0.067511      0.017636
   11308    19640430       0.005964      0.004608
   11308    19640528       0.009881      0.017403
   11308    19640630       0.034247      0.015080
   11308    19640731       0.050428      0.020118
   11308    19640831      -0.009058     -0.011266
   11308    19640930      -0.007313      0.030480
   11308    19641030      -0.033333      0.008869
   11308    19641130       0.032567      0.003089
   11308    19641231       0.050373      0.003690
   11308    19650129       0.094139      0.038646
   11308    19650226       0.022727      0.006946
   11308    19650331      -0.062857     -0.009715
   11308    19650430       0.074957      0.033652
   11308    19650528      -0.001585     -0.004350
   11308    19650630      -0.018413     -0.051868
   11308    19650730       0.001626      0.016759
   11308    19650831       0.019481      0.030883
   11308    19650930       0.005414      0.031952
   11308    19651029      -0.015924      0.029271
   11308    19651130       0.057282      0.003065
   11308    19651231       0.058462      0.013545
   11308    19660131      -0.002907      0.012122
   11308    19660228      -0.072886     -0.008621
   11308    19660331       0.062579     -0.020923
   11308    19660429      -0.071429      0.024837
   11308    19660531       0.016026     -0.052539
   11308    19660630      -0.049211     -0.010317
   11308    19660729       0.030050     -0.012870
   11308    19660831      -0.027553     -0.075388
   11308    19660930      -0.000333     -0.006958
   11308    19661031       0.105705      0.042294
   11308    19661130       0.049772      0.017516
   11308    19661230       0.042151      0.006210
   11308    19670131       0.059972      0.085530
   11308    19670228       0.057895      0.010945
   11308    19670331       0.032587      0.043384
   11308    19670428       0.096852      0.041609
   11308    19670531      -0.004415     -0.039293
   11308    19670630       0.097783      0.026903
   11308    19670731       0.035497      0.049189
   11308    19670831      -0.061704     -0.006282
   11308    19670929       0.037787      0.034286
   11308    19671031       0.000000     -0.027433
   11308    19671130       0.119394      0.007902
   11308    19671229      -0.039855      0.033699
   11308    19680131      -0.049057     -0.036330
   11308    19680229       0.011905     -0.033624
   11308    19680329       0.051176      0.005116
   11308    19680430       0.097378      0.094148
   11308    19680531       0.006826      0.027041
   11308    19680628       0.000678      0.011527
   11308    19680730      -0.047619     -0.022024
   11308    19680830       0.046429      0.018038
   11308    19680930      -0.018089      0.044454
   11308    19681031      -0.001745      0.009041
   11308    19681129       0.044406      0.058502
   11308    19681231      -0.038655     -0.033873
   11308    19690131       0.003497     -0.006711
   11308    19690228      -0.047038     -0.053640
   11308    19690328       0.039561      0.030506
   11308    19690430       0.019435      0.020526
   11308    19690529       0.039861      0.005040
   11308    19690630      -0.068933     -0.067387
   11308    19690731      -0.023381     -0.065172
   11308    19690829       0.075506      0.051490
   11308    19690930       0.064452     -0.022590
   11308    19691031       0.080775      0.055638
   11308    19691128      -0.063318     -0.032164
   11308    19691231       0.054487     -0.019681
   11308    19700130      -0.036474     -0.073254
   11308    19700227       0.045741      0.056706
   11308    19700331      -0.027330     -0.004729
   11308    19700430      -0.080997     -0.105318
   11308    19700529      -0.035593     -0.064346
   11308    19700630      -0.019543     -0.051075
   11308    19700731       0.048649      0.074169
   11308    19700831      -0.013746      0.050036
   11308    19700930       0.043345      0.047536
   11308    19701030       0.057047     -0.018208
   11308    19701130       0.068063      0.050448
   11308    19701231       0.011940      0.060723
   11308    19710129       0.026549      0.052030
   11308    19710226       0.001437      0.016913
   11308    19710331       0.086313      0.044778
   11308    19710430       0.019894      0.033332
   11308    19710528       0.046814     -0.036409
   11308    19710630       0.023801      0.003119
   11308    19710730      -0.026797     -0.040283
   11308    19710831       0.091364      0.042511
   11308    19710930      -0.000963     -0.005016
   11308    19711029       0.004608     -0.040682
   11308    19711130      -0.003257     -0.001262
   11308    19711231       0.127021      0.091257
   11308    19720131      -0.018443      0.028383
   11308    19720229       0.042797      0.031349
   11308    19720330       0.012292      0.008722
   11308    19720428       0.034722      0.005505
   11308    19720531       0.019175      0.016375
   11308    19720630       0.007789     -0.020896
   11308    19720731       0.063670     -0.004254
   11308    19720831      -0.005282      0.035966
   11308    19720929       0.001133     -0.007671
   11308    19721031       0.019504      0.008676
   11308    19721130      -0.005843      0.049764
   11308    19721229       0.042105      0.011243
   11308    19730131      -0.018519     -0.027455
   11308    19730228      -0.037736     -0.044368
   11308    19730330      -0.000535     -0.007851
   11308    19730430      -0.012522     -0.051759
   11308    19730531       0.019928     -0.024503
   11308    19730629       0.019893     -0.008647
   11308    19730731       0.006114      0.056954
   11308    19730831      -0.021701     -0.029648
   11308    19730928       0.041526      0.053937
   11308    19731031      -0.024786     -0.000427
   11308    19731130      -0.086941     -0.120703
   11308    19731231      -0.025048      0.011425
   11308    19740131      -0.071146      0.004408
   11308    19740228      -0.021277      0.002352
   11308    19740329      -0.037978     -0.023365
   11308    19740430      -0.041998     -0.045957
   11308    19740531       0.015403     -0.041982
   11308    19740628       0.012905     -0.022942
   11308    19740731      -0.211806     -0.070879
   11308    19740830      -0.145374     -0.087756
   11308    19740930      -0.288213     -0.109718
   11308    19741031       0.229268      0.165585
   11308    19741129      -0.134405     -0.041047
   11308    19741231      -0.018519     -0.027005
   11308    19750131       0.257075      0.141600
   11308    19750228       0.048780      0.058411
   11308    19750331       0.138819      0.030191
   11308    19750430       0.014241      0.046497
   11308    19750530       0.120125      0.055140
   11308    19750630       0.016156      0.051473
   11308    19750731      -0.120000     -0.060385
   11308    19750829      -0.034483     -0.023557
   11308    19750930      -0.073701     -0.038010
   11308    19751031       0.148410      0.055857
   11308    19751128       0.084000      0.031223
   11308    19751231      -0.060000     -0.010998
   11308    19760130       0.127660      0.126011
   11308    19760227      -0.088949      0.007314
   11308    19760331       0.047781      0.026799
   11308    19760430      -0.061166     -0.010389
   11308    19760528      -0.015152     -0.009369
   11308    19760630       0.043538      0.044487
   11308    19760730       0.031204     -0.006157
   11308    19760831      -0.004323     -0.001435
   11308    19760930       0.001881      0.024484
   11308    19761029      -0.042213     -0.020373
   11308    19761130      -0.029939      0.005364
   11308    19761231      -0.001580      0.061591
   11308    19770131      -0.053797     -0.036337
   11308    19770228       0.025084     -0.015760
   11308    19770331       0.013312     -0.009246
   11308    19770429      -0.037398      0.004952
   11308    19770531      -0.028716     -0.010785
   11308    19770630       0.047235      0.051367
   11308    19770729       0.050336     -0.012810
   11308    19770831       0.015974     -0.013343
   11308    19770930       0.006541      0.001574
   11308    19771031      -0.056782     -0.039280
   11308    19771130       0.023679      0.045432
   11308    19771230      -0.016502      0.008218
   11308    19780131      -0.040268     -0.055202
   11308    19780228       0.003497     -0.009275
   11308    19780331       0.067875      0.034013
   11308    19780428       0.115512      0.082841
   11308    19780531       0.008876      0.023238
   11308    19780630      -0.010323     -0.010751
   11308    19780731       0.020958      0.056749
   11308    19780831       0.055718      0.042352
   11308    19780929      -0.012556     -0.006891
   11308    19781031      -0.071023     -0.110997
   11308    19781130       0.019817      0.033792
   11308    19781229       0.063636      0.017710
   11308    19790131      -0.002849      0.049489
   11308    19790228      -0.037143     -0.026766
   11308    19790330      -0.009139      0.065618
   11308    19790430      -0.033333      0.008522
   11308    19790531      -0.015674     -0.013576
   11308    19790629      -0.012994      0.046850
   11308    19790731       0.026144      0.014991
   11308    19790831       0.019108      0.064728
   11308    19790928      -0.072125      0.001428
   11308    19791031      -0.061433     -0.072660
   11308    19791130      -0.007564      0.063603
   11308    19791231       0.026022      0.028212
   11308    19800131       0.018116      0.065607
   11308    19800229      -0.064057      0.001015
   11308    19800331      -0.025399     -0.120224
   11308    19800430       0.055556      0.052288
   11308    19800530       0.015038      0.060090
   11308    19800630      -0.006222      0.037714
   11308    19800731       0.121212      0.069438
   11308    19800829      -0.040541      0.023553
   11308    19800930      -0.076338      0.029498
   11308    19801031      -0.050388      0.020093
   11308    19801128       0.009469      0.104951
   11308    19801231       0.098765     -0.034409
   11308    19810130       0.007491     -0.040085
   11308    19810227       0.066914      0.015521
   11308    19810331       0.044042      0.046184
   11308    19810430      -0.061017     -0.011268
   11308    19810529       0.079422      0.013551
   11308    19810630      -0.054716     -0.010242
   11308    19810731      -0.021583     -0.003080
   11308    19810831      -0.036765     -0.056279
   11308    19810930       0.048244     -0.063772
   11308    19811030       0.092593      0.060162
   11308    19811130      -0.018169      0.045849
   11308    19811231      -0.024561     -0.028096
   11308    19820129      -0.061151     -0.026209
   11308    19820226      -0.072797     -0.051126
   11308    19820331       0.103140     -0.010099
   11308    19820430       0.041985      0.043267
   11308    19820528      -0.044103     -0.028212
   11308    19820630       0.054688     -0.023912
   11308    19820730       0.085185     -0.020526
   11308    19820831       0.075085      0.119013
   11308    19820930       0.050667      0.016761
   11308    19821029       0.073620      0.118636
   11308    19821130       0.145600      0.051935
   11308    19821231       0.050505      0.014516
   11308    19830131      -0.033654      0.041850
   11308    19830228      -0.009950      0.030219
   11308    19830331       0.088844      0.034673
   11308    19830429       0.039720      0.074188
   11308    19830531      -0.067416      0.013226
   11308    19830630      -0.025639      0.037838
   11308    19830729      -0.072682     -0.031567
   11308    19830831       0.113514      0.003463
   11308    19830930       0.000874      0.016059
   11308    19831031       0.024570     -0.028074
   11308    19831130       0.072806      0.029556
   11308    19831230      -0.031674     -0.010464
   11308    19840131      -0.051402     -0.013023
   11308    19840229       0.022167     -0.039073
   11308    19840330       0.071133      0.013389
   11308    19840430       0.000000      0.002534
   11308    19840531       0.002278     -0.052342
   11308    19840629       0.060273      0.023385
   11308    19840731       0.032538     -0.020621
   11308    19840831       0.039916      0.112689
   11308    19840928       0.023273      0.000404
   11308    19841031       0.037924     -0.000074
   11308    19841130      -0.037462     -0.010685
   11308    19841231       0.008081      0.023656
   11308    19850131      -0.038076      0.085718
   11308    19850228       0.058333      0.016896
   11308    19850329       0.114016     -0.001747
   11308    19850430      -0.021429     -0.002186
   11308    19850531      -0.009124      0.055775
   11308    19850628       0.033002      0.017091
   11308    19850731       0.041441     -0.000251
   11308    19850830      -0.008651     -0.004795
   11308    19850930      -0.015846     -0.039825
   11308    19851031       0.026882      0.044441
   11308    19851129       0.172635      0.069228
   11308    19851231       0.015015      0.043061
   11308    19860131      -0.007396      0.009829
   11308    19860228       0.147541      0.072500
   11308    19860331       0.101610      0.053885
   11308    19860430       0.059382     -0.007903
   11308    19860530       0.040359      0.050844
   11308    19860630       0.088621      0.014246
   11308    19860731      -0.064741     -0.059700
   11308    19860829      -0.031949      0.066181
   11308    19860930      -0.098746     -0.079021
   11308    19861031       0.081181      0.049303
   11308    19861128       0.003686      0.015093
   11308    19861231       0.034247     -0.026388
   11308    19870130       0.129139      0.128496
   11308    19870227       0.052786      0.047918
   11308    19870331       0.025738      0.023664
   11308    19870430      -0.068306     -0.017001
   11308    19870529       0.005865      0.005125
   11308    19870630       0.044431      0.043662
   11308    19870731       0.070225      0.044248
   11308    19870831       0.062992      0.037146
   11308    19870930      -0.038914     -0.020774
   11308    19871030      -0.147287     -0.225363
   11308    19871130      -0.096242     -0.072273
   11308    19871231       0.030405      0.070327
   11308    19880129       0.005763      0.044880
   11308    19880229      -0.006645      0.051695
   11308    19880331       0.031438     -0.016598
   11308    19880429       0.000000      0.010991
   11308    19880531      -0.006536      0.000448
   11308    19880630       0.034211      0.051460
   11308    19880729      -0.016026     -0.007272
   11308    19880831       0.042345     -0.028006
   11308    19880930       0.101250      0.037202
   11308    19881031      -0.014286      0.017646
   11308    19881130       0.012754     -0.016412
   11308    19881230       0.028818      0.021075
   11308    19890131       0.047619      0.066103
   11308    19890228       0.021390     -0.016446
   11308    19890331       0.080419      0.021465
   11308    19890428       0.058537      0.048204
   11308    19890531       0.064516      0.039338
   11308    19890630      -0.017922     -0.004866
   11308    19890731       0.206208      0.077131
   11308    19890831      -0.022059      0.022127
   11308    19890929       0.012632     -0.001474
   11308    19891031       0.080224     -0.029285
   11308    19891130       0.072055      0.017814
   11308    19891229       0.000000      0.018295
   11308    19900131      -0.108414     -0.070115
   11308    19900228       0.023593      0.014901
   11308    19900330       0.065957      0.024140
   11308    19900430       0.020067     -0.028286
   11308    19900531       0.183607      0.088934
   11308    19900629      -0.012188     -0.004196
   11308    19900731       0.022535     -0.009403
   11308    19900831      -0.068871     -0.091905
   11308    19900928      -0.060355     -0.053843
   11308    19901031       0.136076     -0.012504
   11308    19901130       0.035097      0.065744
   11308    19901231       0.005405      0.029513
   11308    19910131       0.048387      0.049078
   11308    19910228       0.074359      0.075847
   11308    19910328       0.040382      0.028923
   11308    19910430      -0.027650      0.003315
   11308    19910531       0.085308      0.040733
   11308    19910628      -0.043843     -0.044029
   11308    19910731       0.103211      0.046795
   11308    19910830       0.093555      0.026817
   11308    19910930      -0.015361     -0.010975
   11308    19911031       0.032946      0.017815
   11308    19911129       0.044878     -0.037275
   11308    19911231       0.156757      0.106778
   11308    19920131      -0.034268     -0.001182
   11308    19920228       0.054839      0.013354
   11308    19920331       0.003425     -0.023700
   11308    19920430       0.015291      0.013419
   11308    19920529       0.060241      0.006439
   11308    19920630      -0.087727     -0.019271
   11308    19920731       0.046875      0.039900
   11308    19920831       0.026866     -0.020820
   11308    19920930      -0.054884      0.012447
   11308    19921030       0.003086      0.010986
   11308    19921130      -0.018092      0.040193
   11308    19921231       0.053459      0.017768
   11308    19930129       0.011940      0.012644
   11308    19930226       0.000000      0.005402
   11308    19930331       0.009912      0.025116
   11308    19930430      -0.076246     -0.025400
   11308    19930528       0.053968      0.029599
   11308    19930630       0.040241      0.005440
   11308    19930730       0.005814     -0.000792
   11308    19930831       0.002890      0.039479
   11308    19930930      -0.022017      0.000641
   11308    19931029       0.026627      0.018064
   11308    19931130      -0.027781     -0.017606
   11308    19931231       0.062500      0.019515
   11308    19940131      -0.084034      0.031466
   11308    19940228       0.042813     -0.024226
   11308    19940331      -0.042346     -0.045795
   11308    19940429       0.027692      0.009478
   11308    19940531      -0.035928      0.009360
   11308    19940630       0.014161     -0.027909
   11308    19940729       0.092308      0.030633
   11308    19940831       0.036620      0.042597
   11308    19940930       0.061304     -0.018363
   11308    19941031       0.035990      0.014520
   11308    19941130       0.018759     -0.037219
   11308    19941230       0.007335      0.012609
   11308    19950131       0.019417      0.020399
   11308    19950228       0.047619      0.039615
   11308    19950331       0.029000      0.027041
   11308    19950428       0.031042      0.025048
   11308    19950531       0.060215      0.034007
   11308    19950630       0.038053      0.031173
   11308    19950731       0.029412      0.040783
   11308    19950831      -0.020952      0.009304
   11308    19950929       0.077354      0.036363
   11308    19951031       0.041667     -0.011317
   11308    19951130       0.056974      0.042808
   11308    19951229      -0.019802      0.015190
   11308    19960131       0.015152      0.028141
   11308    19960229       0.071310      0.016310
   11308    19960329       0.027864      0.010927
   11308    19960430      -0.015106      0.025511
   11308    19960531       0.128834      0.026802
   11308    19960628       0.067935     -0.008298
   11308    19960731      -0.043367     -0.053819
   11308    19960830       0.072000      0.032463
   11308    19960930       0.014925      0.053035
   11308    19961031      -0.007371      0.013739
   11308    19961129       0.014851      0.065569
   11308    19961231       0.029340     -0.011388
   11308    19970131       0.099762      0.053473
   11308    19970228       0.053996     -0.001122
   11308    19970331      -0.083770     -0.044868
   11308    19970430       0.141256      0.042373
   11308    19970530       0.076621      0.071624
   11308    19970630      -0.005255      0.044095
   11308    19970731       0.016544      0.076514
   11308    19970829      -0.170886     -0.036290
   11308    19970930       0.066783      0.058499
   11308    19971031      -0.071721     -0.034436
   11308    19971128       0.106225      0.030404
   11308    19971231       0.067000      0.017817
   11308    19980130      -0.029053      0.004502
   11308    19980227       0.059846      0.073303
   11308    19980331       0.130601      0.051301
   11308    19980430      -0.020178      0.010904
   11308    19980529       0.032949     -0.025748
   11308    19980630       0.092823      0.031944
   11308    19980731      -0.058480     -0.023367
   11308    19980831      -0.190994     -0.157844
   11308    19980930      -0.112860      0.063827
   11308    19981030       0.172451      0.074393
   11308    19981130       0.039223      0.062023
   11308    19981231      -0.043711      0.063051
   11308    19990129      -0.025187      0.038456
   11308    19990226      -0.022010     -0.038085
   11308    19990331      -0.036634      0.037932
   11308    19990430       0.108961      0.049105
   11308    19990528       0.006428     -0.020707
   11308    19990630      -0.092555      0.050821
   11308    19990730      -0.023185     -0.030716
   11308    19990831      -0.012384     -0.009986
   11308    19990930      -0.190637     -0.022845
   11308    19991029       0.222798      0.062146
   11308    19991130       0.141483      0.036823
   11308    19991231      -0.133023      0.083758
   11308    20000131      -0.013948     -0.039612
   11308    20000229      -0.153428      0.031778
   11308    20000331      -0.031208      0.053500
   11308    20000428       0.006658     -0.059527
   11308    20000531       0.129630     -0.038871
   11308    20000630       0.079297      0.051598
   11308    20000731       0.067465     -0.017712
   11308    20000831      -0.141692      0.075007
   11308    20000929       0.050736     -0.051145
   11308    20001031       0.095238     -0.024492
   11308    20001130       0.040083     -0.102371
   11308    20001229      -0.026946      0.020426
   11308    20010131      -0.048205      0.039599
   11308    20010228      -0.085690     -0.099099
   11308    20010330      -0.145012     -0.070390
   11308    20010430       0.022808      0.083831
   11308    20010531       0.026196      0.010458
   11308    20010629      -0.046835     -0.017554
   11308    20010731      -0.008889     -0.018294
   11308    20010831       0.091256     -0.058980
   11308    20010928      -0.033696     -0.091488
   11308    20011031       0.021985      0.027833
   11308    20011130      -0.015455      0.078780
   11308    20011231       0.004046      0.017848
   11308    20020131      -0.072110     -0.015977
   11308    20020228       0.083200     -0.021695
   11308    20020328       0.106985      0.044682
   11308    20020430       0.062189     -0.049617
   11308    20020531       0.000901     -0.010523
   11308    20020628       0.011519     -0.070249
   11308    20020731      -0.108214     -0.081150
   11308    20020830       0.021225      0.007979
   11308    20020930      -0.055686     -0.099920
   11308    20021031      -0.030859      0.074923
   11308    20021129      -0.013769      0.061271
   11308    20021231      -0.039439     -0.053313
   11308    20030131      -0.077099     -0.023392
   11308    20030228      -0.005932     -0.015390
   11308    20030331       0.011934      0.010325
   11308    20030430      -0.001976      0.082762
   11308    20030530       0.127970      0.063471
   11308    20030630       0.023261      0.016336
   11308    20030731      -0.031028      0.023112
   11308    20030829      -0.032244      0.024966
   11308    20030930      -0.007813     -0.009112
   11308    20031031       0.080075      0.060319
   11308    20031128       0.006897      0.016593
   11308    20031231       0.091398      0.045489
   11308    20040130      -0.029754      0.023051
   11308    20040227       0.014622      0.015458
   11308    20040331       0.011809     -0.010674
   11308    20040430       0.005368     -0.024232
   11308    20040528       0.015424      0.014068
   11308    20040630      -0.012074      0.021578
   11308    20040730      -0.131141     -0.037666
   11308    20040831       0.019380      0.002714
   11308    20040930      -0.098636      0.020547
   11308    20041029       0.015231      0.017805
   11308    20041130      -0.027054      0.048207
   11308    20041231       0.059272      0.035177
   11308    20050131      -0.003602     -0.026552
   11308    20050228       0.031574      0.022681
   11308    20050331      -0.019860     -0.016948
   11308    20050429       0.042477     -0.025185
   11308    20050531       0.027394      0.037956
   11308    20050630      -0.058257      0.011533
   11308    20050729       0.048144      0.043325
   11308    20050831       0.005484     -0.005946
   11308    20050930      -0.012045      0.010606
   11308    20051031      -0.009493     -0.020877
   11308    20051130       0.004441      0.040329
   11308    20051230      -0.055751      0.003456
   11308    20060131       0.026544      0.040033
   11308    20060228       0.014258     -0.001640
   11308    20060331       0.005004      0.019053
   11308    20060428       0.002150      0.012965
   11308    20060531       0.049333     -0.031045
   11308    20060630      -0.015898     -0.000386
   11308    20060731       0.034403     -0.001884
   11308    20060831       0.006966      0.025048
   11308    20060929       0.004017      0.019424
   11308    20061031       0.045658      0.037134
   11308    20061130       0.008990      0.023705
   11308    20061229       0.030322      0.010854
   11308    20070131      -0.007668      0.019404
   11308    20070228      -0.025063     -0.013994
   11308    20070330       0.035561      0.012946
   11308    20070430       0.087292      0.039821
   11308    20070531       0.015329      0.038932
   11308    20070629      -0.006416     -0.014754
   11308    20070731      -0.003823     -0.031758
   11308    20070831       0.032048      0.011631
   11308    20070928       0.074935      0.040849
   11308    20071031       0.074648      0.025833
   11308    20071130       0.011010     -0.049327
   11308    20071231      -0.011755     -0.004428
   11308    20080131      -0.038618     -0.062147
   11308    20080229      -0.009153     -0.021664
   11308    20080331       0.047725     -0.010420
   11308    20080430      -0.032857      0.051106
   11308    20080530      -0.027348      0.023841
   11308    20080630      -0.085575     -0.078433
   11308    20080731      -0.009234     -0.013328
   11308    20080829       0.011068      0.010563
   11308    20080930       0.022854     -0.098007
   11308    20081031      -0.166793     -0.184621
   11308    20081128       0.072401     -0.084615
   11308    20081231      -0.034137      0.022148
   11308    20090130      -0.056329     -0.077324
   11308    20090227      -0.043773     -0.100212
   11308    20090331       0.085924      0.086690
   11308    20090430      -0.020478      0.109359
   11308    20090529       0.141928      0.067788
   11308    20090630      -0.015460     -0.003098
   11308    20090731       0.038550      0.081719
   11308    20090831      -0.021469      0.031459
   11308    20090930       0.109494      0.045222
   11308    20091030      -0.007263     -0.027993
   11308    20091130       0.080660      0.057098
   11308    20091231      -0.003497      0.028419
   11308    20100129      -0.048246     -0.037096
   11308    20100226      -0.028203      0.034775
   11308    20100331       0.051593      0.063606
   11308    20100430      -0.028182      0.020043
   11308    20100528      -0.038354     -0.079137
   11308    20100630      -0.016342     -0.050717
   11308    20100730       0.099561      0.070293
   11308    20100831       0.014017     -0.042813
   11308    20100930       0.055071      0.091517
   11308    20101029       0.047847      0.038531
   11308    20101130       0.037345      0.005107
   11308    20101231       0.041159      0.067150
   11308    20110131      -0.044397      0.019156
   11308    20110228       0.017025      0.038165
   11308    20110331       0.045213      0.003366
   11308    20110429       0.016883      0.028688
   11308    20110531      -0.009635     -0.014935
   11308    20110630       0.014219     -0.018395
   11308    20110729       0.010700     -0.022470
   11308    20110831       0.035877     -0.057472
   11308    20110930      -0.034351     -0.084872
   11308    20111031       0.011249      0.113982
   11308    20111130      -0.009075     -0.006227
   11308    20111230       0.040756      0.003703
   11308    20120131      -0.034872      0.054077
   11308    20120229       0.034503      0.041185
   11308    20120330       0.066705      0.023994
   11308    20120430       0.031212     -0.006801
   11308    20120531      -0.020833     -0.065530
   11308    20120629       0.053125      0.038156
   11308    20120731       0.033380      0.010266
   11308    20120831      -0.074257      0.026265
   11308    20120928       0.020989      0.026539
   11308    20121031      -0.019773     -0.014101
   11308    20121130       0.026762      0.006192
   11308    20121231      -0.044040      0.012531
   11308    20130131       0.027310      0.054094
   11308    20130228       0.039742      0.008332
   11308    20130328       0.051653      0.035274
   11308    20130430       0.046736      0.014946
   11308    20130531      -0.055280      0.019066
   11308    20130628       0.010002     -0.015039
   11308    20130731      -0.000748      0.052681
   11308    20130830      -0.047405     -0.025714
   11308    20130930      -0.000524      0.037477
   11308    20131031       0.044615      0.039852
   11308    20131129       0.022744      0.024947
   11308    20131231       0.027868      0.026126
   11308    20140131      -0.084483     -0.029957
   11308    20140228       0.010048      0.046172
   11308    20140331       0.020026      0.004469
   11308    20140430       0.055096      0.001660
   11308    20140530       0.002942      0.020218
   11308    20140630       0.042899      0.027941
   11308    20140731      -0.072474     -0.020524
   11308    20140829       0.061848      0.040186
   11308    20140930       0.029842     -0.025129
   11308    20141031      -0.018284      0.021185
   11308    20141128       0.077722      0.021150
   11308    20141231      -0.058220     -0.003616
   11308    20150130      -0.024870     -0.027152
   11308    20150227       0.051737      0.055948
   11308    20150331      -0.055889     -0.010439
   11308    20150430       0.000247      0.008722
   11308    20150529       0.009862      0.010326
   11308    20150630      -0.034180     -0.019259
   11308    20150731       0.047158      0.012096
   11308    20150831      -0.042843     -0.059995
   11308    20150930       0.028739     -0.033738
   11308    20151030       0.055583      0.073961
   11308    20151130       0.014168      0.002442
   11308    20151231       0.007977     -0.022258
   11308    20160129      -0.000931     -0.057036
   11308    20160229       0.004893      0.000682
   11308    20160331       0.083700      0.070459
   11308    20160429      -0.034275      0.011798
   11308    20160531      -0.004464      0.014290
   11308    20160630       0.024215      0.003130
   11308    20160729      -0.037503      0.038740
   11308    20160831      -0.004584      0.002788
   11308    20160930      -0.017499      0.003016
   11308    20161031       0.001890     -0.021589
   11308    20161130      -0.040094      0.040416
   11308    20161230       0.027509      0.018779
